Momentum = 9.2, Angle = 8.00, 3/4
17481 9.2 8.0 4 -1 -1
17482 9.2 8.0 5 -1 -1
17486 9.2 8.0 5 -1 -1
17487 9.2 8.0 4 -1 -1
17493 9.2 8.0 4 -1 -1
17494 9.2 8.0 5 -1 -1
17498 9.2 8.0 5 -1 -1
17499 9.2 8.0 5 -1 -1
17502 9.2 8.0 2 -1 -1
17503 9.2 8.0 5 -1 -1
17508 9.2 8.0 7 -1 -1
17511 9.2 8.0 6 -1 -1
17512 9.2 8.0 6 -1 -1
17514 9.2 8.0 0 -1 -1
17514 9.2 8.0 5 -1 -1
17522 9.2 8.0 5 -1 -1
17523 9.2 8.0 4 -1 -1
17524 9.2 8.0 5 -1 -1
17525 9.2 8.0 3 -1 -1
17526 9.2 8.0 6 -1 -1
17531 9.2 8.0 6 -1 -1
17534 9.2 8.0 6 -1 -1
17535 9.2 8.0 6 -1 -1
17538 9.2 8.0 5 -1 -1
17539 9.2 8.0 5 -1 -1
17542 9.2 8.0 3 -1 -1
17543 9.2 8.0 3 -1 -1
17544 9.2 8.0 3 -1 -1
17547 9.2 8.0 5 -1 -1
17548 9.2 8.0 5 -1 -1
17551 9.2 8.0 3 -1 -1
17552 9.2 8.0 3 -1 -1

Momentum = 9.2, Angle = 8.00, ELREAL
17518 9.2 8.0 -1 0 -1
17520 9.2 8.0 -1 1 -1
17521 9.2 8.0 -1 0 -1
17527 9.2 8.0 -1 1 -1
17528 9.2 8.0 -1 1 -1

Momentum = 9.2, Angle = 8.00, 4/4
17479 9.2 8.0 -1 -1 0
17480 9.2 8.0 -1 -1 0
17483 9.2 8.0 -1 -1 0
17484 9.2 8.0 -1 -1 0
17485 9.2 8.0 -1 -1 0
17488 9.2 8.0 -1 -1 0
17489 9.2 8.0 -1 -1 0
17490 9.2 8.0 -1 -1 0
17491 9.2 8.0 -1 -1 0
17492 9.2 8.0 -1 -1 0
17496 9.2 8.0 -1 -1 0
17497 9.2 8.0 -1 -1 0
17500 9.2 8.0 -1 -1 0
17501 9.2 8.0 -1 -1 0
17504 9.2 8.0 -1 -1 0
17505 9.2 8.0 -1 -1 0
17509 9.2 8.0 -1 -1 1
17510 9.2 8.0 -1 -1 0
17513 9.2 8.0 -1 -1 0
17529 9.2 8.0 -1 -1 0
17532 9.2 8.0 -1 -1 0
17533 9.2 8.0 -1 -1 0
17536 9.2 8.0 -1 -1 0
17537 9.2 8.0 -1 -1 0
17540 9.2 8.0 -1 -1 0
17541 9.2 8.0 -1 -1 0
17545 9.2 8.0 -1 -1 0
17546 9.2 8.0 -1 -1 0
17549 9.2 8.0 -1 -1 0
17550 9.2 8.0 -1 -1 0
17553 9.2 8.0 -1 -1 0

Momentum = -9.2, Angle = 8.00, 3/4
17609 -9.2 8.0 7 -1 -1
17647 -9.2 8.0 6 -1 -1
17843 -9.2 8.0 7 -1 -1
17915 -9.2 8.0 7 -1 -1
18012 -9.2 8.0 6 -1 -1
18020 -9.2 8.0 7 -1 -1
18030 -9.2 8.0 7 -1 -1
18034 -9.2 8.0 7 -1 -1
18040 -9.2 8.0 6 -1 -1
18066 -9.2 8.0 4 -1 -1
18080 -9.2 8.0 7 -1 -1
18083 -9.2 8.0 6 -1 -1
18102 -9.2 8.0 6 -1 -1
18106 -9.2 8.0 7 -1 -1
18122 -9.2 8.0 7 -1 -1
18126 -9.2 8.0 6 -1 -1
18140 -9.2 8.0 4 -1 -1
18141 -9.2 8.0 5 -1 -1
18147 -9.2 8.0 6 -1 -1
18148 -9.2 8.0 6 -1 -1
18151 -9.2 8.0 5 -1 -1
18152 -9.2 8.0 5 -1 -1
18155 -9.2 8.0 5 -1 -1
18156 -9.2 8.0 6 -1 -1
18160 -9.2 8.0 6 -1 -1
18161 -9.2 8.0 6 -1 -1
18164 -9.2 8.0 7 -1 -1
18165 -9.2 8.0 7 -1 -1
18170 -9.2 8.0 7 -1 -1
18171 -9.2 8.0 6 -1 -1
18174 -9.2 8.0 7 -1 -1
18175 -9.2 8.0 7 -1 -1
18991 -9.2 8.0 6 -1 -1
18993 -9.2 8.0 7 -1 -1
19108 -9.2 8.0 7 -1 -1
19109 -9.2 8.0 7 -1 -1
19189 -9.2 8.0 7 -1 -1
19190 -9.2 8.0 7 -1 -1
19191 -9.2 8.0 7 -1 -1
19192 -9.2 8.0 7 -1 -1
19415 -9.2 8.0 6 -1 -1
19416 -9.2 8.0 6 -1 -1
19445 -9.2 8.0 7 -1 -1
19455 -9.2 8.0 7 -1 -1
19479 -9.2 8.0 6 -1 -1
19510 -9.2 8.0 7 -1 -1
19522 -9.2 8.0 7 -1 -1
19533 -9.2 8.0 6 -1 -1
19557 -9.2 8.0 7 -1 -1
19564 -9.2 8.0 7 -1 -1
19565 -9.2 8.0 7 -1 -1
19574 -9.2 8.0 4 -1 -1
19581 -9.2 8.0 6 -1 -1
19591 -9.2 8.0 7 -1 -1
19600 -9.2 8.0 6 -1 -1
19606 -9.2 8.0 6 -1 -1
19613 -9.2 8.0 6 -1 -1
19619 -9.2 8.0 6 -1 -1
19627 -9.2 8.0 5 -1 -1
19629 -9.2 8.0 6 -1 -1
19630 -9.2 8.0 7 -1 -1
19631 -9.2 8.0 5 -1 -1
20361 -9.2 8.0 6 -1 -1
20371 -9.2 8.0 6 -1 -1
20377 -9.2 8.0 6 -1 -1
20385 -9.2 8.0 6 -1 -1
20391 -9.2 8.0 6 -1 -1
20400 -9.2 8.0 5 -1 -1
20402 -9.2 8.0 4 -1 -1
20403 -9.2 8.0 4 -1 -1
20407 -9.2 8.0 6 -1 -1
20408 -9.2 8.0 5 -1 -1
20414 -9.2 8.0 4 -1 -1

Momentum = -9.2, Angle = 8.00, ELREAL
17554 -9.2 8.0 -1 5 -1
17555 -9.2 8.0 -1 6 -1
17556 -9.2 8.0 -1 7 -1
17557 -9.2 8.0 -1 7 -1
17558 -9.2 8.0 -1 7 -1
17559 -9.2 8.0 -1 7 -1
17560 -9.2 8.0 -1 7 -1
17561 -9.2 8.0 -1 7 -1
17563 -9.2 8.0 -1 7 -1
17564 -9.2 8.0 -1 7 -1
17565 -9.2 8.0 -1 7 -1
17566 -9.2 8.0 -1 7 -1
17567 -9.2 8.0 -1 7 -1
17569 -9.2 8.0 -1 7 -1
17570 -9.2 8.0 -1 7 -1
17571 -9.2 8.0 -1 7 -1
17572 -9.2 8.0 -1 7 -1
17573 -9.2 8.0 -1 7 -1
17574 -9.2 8.0 -1 7 -1
17575 -9.2 8.0 -1 7 -1
17576 -9.2 8.0 -1 7 -1
17577 -9.2 8.0 -1 7 -1
17578 -9.2 8.0 -1 7 -1
17579 -9.2 8.0 -1 7 -1
17580 -9.2 8.0 -1 7 -1
17581 -9.2 8.0 -1 7 -1
17582 -9.2 8.0 -1 7 -1
17583 -9.2 8.0 -1 5 -1
17584 -9.2 8.0 -1 5 -1
17585 -9.2 8.0 -1 5 -1
17586 -9.2 8.0 -1 5 -1
17590 -9.2 8.0 -1 5 -1
17592 -9.2 8.0 -1 7 -1
17594 -9.2 8.0 -1 7 -1
17595 -9.2 8.0 -1 7 -1
17596 -9.2 8.0 -1 7 -1
17597 -9.2 8.0 -1 7 -1
17603 -9.2 8.0 -1 7 -1
17605 -9.2 8.0 -1 7 -1
17606 -9.2 8.0 -1 7 -1
17607 -9.2 8.0 -1 7 -1
17608 -9.2 8.0 -1 7 -1
17610 -9.2 8.0 -1 7 -1
17611 -9.2 8.0 -1 7 -1
17612 -9.2 8.0 -1 7 -1
17613 -9.2 8.0 -1 7 -1
17615 -9.2 8.0 -1 7 -1
17616 -9.2 8.0 -1 7 -1
17617 -9.2 8.0 -1 7 -1
17618 -9.2 8.0 -1 7 -1
17619 -9.2 8.0 -1 6 -1
17620 -9.2 8.0 -1 6 -1
17621 -9.2 8.0 -1 6 -1
17622 -9.2 8.0 -1 6 -1
17623 -9.2 8.0 -1 6 -1
17624 -9.2 8.0 -1 6 -1
17625 -9.2 8.0 -1 6 -1
17626 -9.2 8.0 -1 6 -1
17627 -9.2 8.0 -1 6 -1
17628 -9.2 8.0 -1 6 -1
17629 -9.2 8.0 -1 5 -1
17632 -9.2 8.0 -1 6 -1
17633 -9.2 8.0 -1 6 -1
17634 -9.2 8.0 -1 6 -1
17635 -9.2 8.0 -1 6 -1
17636 -9.2 8.0 -1 6 -1
17637 -9.2 8.0 -1 6 -1
17638 -9.2 8.0 -1 6 -1
17639 -9.2 8.0 -1 6 -1
17640 -9.2 8.0 -1 6 -1
17641 -9.2 8.0 -1 6 -1
17643 -9.2 8.0 -1 6 -1
17644 -9.2 8.0 -1 6 -1
17645 -9.2 8.0 -1 6 -1
17650 -9.2 8.0 -1 5 -1
17652 -9.2 8.0 -1 6 -1
17653 -9.2 8.0 -1 6 -1
17654 -9.2 8.0 -1 6 -1
17655 -9.2 8.0 -1 6 -1
17656 -9.2 8.0 -1 6 -1
17657 -9.2 8.0 -1 6 -1
17658 -9.2 8.0 -1 6 -1
17659 -9.2 8.0 -1 6 -1
17660 -9.2 8.0 -1 6 -1
17661 -9.2 8.0 -1 6 -1
17662 -9.2 8.0 -1 6 -1
17663 -9.2 8.0 -1 6 -1
17664 -9.2 8.0 -1 6 -1
17665 -9.2 8.0 -1 6 -1
17666 -9.2 8.0 -1 6 -1
17667 -9.2 8.0 -1 6 -1
17668 -9.2 8.0 -1 6 -1
17669 -9.2 8.0 -1 6 -1
17670 -9.2 8.0 -1 6 -1
17671 -9.2 8.0 -1 6 -1
17672 -9.2 8.0 -1 6 -1
17673 -9.2 8.0 -1 6 -1
17674 -9.2 8.0 -1 6 -1
17675 -9.2 8.0 -1 6 -1
17676 -9.2 8.0 -1 6 -1
17677 -9.2 8.0 -1 6 -1
17678 -9.2 8.0 -1 6 -1
17679 -9.2 8.0 -1 6 -1
17680 -9.2 8.0 -1 6 -1
17681 -9.2 8.0 -1 5 -1
17682 -9.2 8.0 -1 5 -1
17683 -9.2 8.0 -1 5 -1
17684 -9.2 8.0 -1 5 -1
17685 -9.2 8.0 -1 5 -1
17686 -9.2 8.0 -1 5 -1
17687 -9.2 8.0 -1 5 -1
17688 -9.2 8.0 -1 5 -1
17689 -9.2 8.0 -1 5 -1
17690 -9.2 8.0 -1 5 -1
17691 -9.2 8.0 -1 5 -1
17692 -9.2 8.0 -1 6 -1
17694 -9.2 8.0 -1 6 -1
17695 -9.2 8.0 -1 6 -1
17696 -9.2 8.0 -1 6 -1
17697 -9.2 8.0 -1 6 -1
17698 -9.2 8.0 -1 6 -1
17701 -9.2 8.0 -1 6 -1
17702 -9.2 8.0 -1 6 -1
17703 -9.2 8.0 -1 6 -1
17704 -9.2 8.0 -1 6 -1
17705 -9.2 8.0 -1 6 -1
17706 -9.2 8.0 -1 6 -1
17708 -9.2 8.0 -1 6 -1
17710 -9.2 8.0 -1 6 -1
17711 -9.2 8.0 -1 6 -1
17712 -9.2 8.0 -1 6 -1
17713 -9.2 8.0 -1 6 -1
17714 -9.2 8.0 -1 5 -1
17716 -9.2 8.0 -1 5 -1
17718 -9.2 8.0 -1 5 -1
17719 -9.2 8.0 -1 5 -1
17720 -9.2 8.0 -1 6 -1
17721 -9.2 8.0 -1 6 -1
17722 -9.2 8.0 -1 6 -1
17723 -9.2 8.0 -1 6 -1
17724 -9.2 8.0 -1 6 -1
17725 -9.2 8.0 -1 6 -1
17726 -9.2 8.0 -1 6 -1
17727 -9.2 8.0 -1 6 -1
17728 -9.2 8.0 -1 6 -1
17729 -9.2 8.0 -1 5 -1
17730 -9.2 8.0 -1 5 -1
17731 -9.2 8.0 -1 5 -1
17732 -9.2 8.0 -1 5 -1
17733 -9.2 8.0 -1 5 -1
17734 -9.2 8.0 -1 5 -1
17735 -9.2 8.0 -1 5 -1
17736 -9.2 8.0 -1 5 -1
17737 -9.2 8.0 -1 5 -1
17738 -9.2 8.0 -1 5 -1
17739 -9.2 8.0 -1 5 -1
17740 -9.2 8.0 -1 5 -1
17741 -9.2 8.0 -1 5 -1
17742 -9.2 8.0 -1 5 -1
17743 -9.2 8.0 -1 5 -1
17744 -9.2 8.0 -1 5 -1
17745 -9.2 8.0 -1 5 -1
17746 -9.2 8.0 -1 5 -1
17747 -9.2 8.0 -1 5 -1
17748 -9.2 8.0 -1 5 -1
17749 -9.2 8.0 -1 5 -1
17750 -9.2 8.0 -1 5 -1
17751 -9.2 8.0 -1 5 -1
17752 -9.2 8.0 -1 5 -1
17753 -9.2 8.0 -1 5 -1
17754 -9.2 8.0 -1 5 -1
17757 -9.2 8.0 -1 5 -1
17758 -9.2 8.0 -1 5 -1
17759 -9.2 8.0 -1 5 -1
17760 -9.2 8.0 -1 5 -1
17761 -9.2 8.0 -1 5 -1
17762 -9.2 8.0 -1 5 -1
17763 -9.2 8.0 -1 5 -1
17764 -9.2 8.0 -1 5 -1
17765 -9.2 8.0 -1 5 -1
17766 -9.2 8.0 -1 5 -1
17767 -9.2 8.0 -1 5 -1
17768 -9.2 8.0 -1 5 -1
17770 -9.2 8.0 -1 5 -1
17771 -9.2 8.0 -1 5 -1
17772 -9.2 8.0 -1 6 -1
17773 -9.2 8.0 -1 6 -1
17774 -9.2 8.0 -1 6 -1
17775 -9.2 8.0 -1 6 -1
17776 -9.2 8.0 -1 6 -1
17777 -9.2 8.0 -1 6 -1
17778 -9.2 8.0 -1 6 -1
17779 -9.2 8.0 -1 6 -1
17780 -9.2 8.0 -1 6 -1
17781 -9.2 8.0 -1 6 -1
17782 -9.2 8.0 -1 6 -1
17783 -9.2 8.0 -1 6 -1
17785 -9.2 8.0 -1 5 -1
17786 -9.2 8.0 -1 5 -1
17787 -9.2 8.0 -1 5 -1
17788 -9.2 8.0 -1 5 -1
17789 -9.2 8.0 -1 5 -1
17790 -9.2 8.0 -1 5 -1
17791 -9.2 8.0 -1 6 -1
17792 -9.2 8.0 -1 6 -1
17793 -9.2 8.0 -1 6 -1
17795 -9.2 8.0 -1 6 -1
17796 -9.2 8.0 -1 6 -1
17797 -9.2 8.0 -1 6 -1
17798 -9.2 8.0 -1 6 -1
17799 -9.2 8.0 -1 6 -1
17800 -9.2 8.0 -1 6 -1
17801 -9.2 8.0 -1 6 -1
17802 -9.2 8.0 -1 6 -1
17803 -9.2 8.0 -1 6 -1
17804 -9.2 8.0 -1 6 -1
17805 -9.2 8.0 -1 6 -1
17806 -9.2 8.0 -1 6 -1
17807 -9.2 8.0 -1 6 -1
17808 -9.2 8.0 -1 6 -1
17809 -9.2 8.0 -1 6 -1
17810 -9.2 8.0 -1 6 -1
17811 -9.2 8.0 -1 7 -1
17812 -9.2 8.0 -1 7 -1
17813 -9.2 8.0 -1 7 -1
17814 -9.2 8.0 -1 7 -1
17815 -9.2 8.0 -1 7 -1
17816 -9.2 8.0 -1 6 -1
17817 -9.2 8.0 -1 7 -1
17818 -9.2 8.0 -1 7 -1
17819 -9.2 8.0 -1 7 -1
17820 -9.2 8.0 -1 7 -1
17821 -9.2 8.0 -1 7 -1
17822 -9.2 8.0 -1 7 -1
17823 -9.2 8.0 -1 7 -1
17824 -9.2 8.0 -1 7 -1
17825 -9.2 8.0 -1 7 -1
17826 -9.2 8.0 -1 7 -1
17827 -9.2 8.0 -1 7 -1
17828 -9.2 8.0 -1 7 -1
17829 -9.2 8.0 -1 7 -1
17830 -9.2 8.0 -1 7 -1
17831 -9.2 8.0 -1 7 -1
17832 -9.2 8.0 -1 7 -1
17833 -9.2 8.0 -1 7 -1
17834 -9.2 8.0 -1 7 -1
17835 -9.2 8.0 -1 7 -1
17836 -9.2 8.0 -1 7 -1
17837 -9.2 8.0 -1 7 -1
17838 -9.2 8.0 -1 7 -1
17839 -9.2 8.0 -1 7 -1
17840 -9.2 8.0 -1 7 -1
17841 -9.2 8.0 -1 7 -1
17842 -9.2 8.0 -1 7 -1
17844 -9.2 8.0 -1 7 -1
17845 -9.2 8.0 -1 7 -1
17846 -9.2 8.0 -1 7 -1
17847 -9.2 8.0 -1 6 -1
17849 -9.2 8.0 -1 6 -1
17850 -9.2 8.0 -1 6 -1
17851 -9.2 8.0 -1 6 -1
17852 -9.2 8.0 -1 6 -1
17853 -9.2 8.0 -1 6 -1
17854 -9.2 8.0 -1 6 -1
17855 -9.2 8.0 -1 6 -1
17856 -9.2 8.0 -1 6 -1
17857 -9.2 8.0 -1 6 -1
17858 -9.2 8.0 -1 6 -1
17859 -9.2 8.0 -1 6 -1
17860 -9.2 8.0 -1 6 -1
17861 -9.2 8.0 -1 6 -1
17862 -9.2 8.0 -1 7 -1
17863 -9.2 8.0 -1 7 -1
17864 -9.2 8.0 -1 7 -1
17865 -9.2 8.0 -1 7 -1
17866 -9.2 8.0 -1 7 -1
17868 -9.2 8.0 -1 7 -1
17870 -9.2 8.0 -1 7 -1
17871 -9.2 8.0 -1 7 -1
17873 -9.2 8.0 -1 7 -1
17874 -9.2 8.0 -1 7 -1
17875 -9.2 8.0 -1 7 -1
17876 -9.2 8.0 -1 7 -1
17877 -9.2 8.0 -1 7 -1
17879 -9.2 8.0 -1 7 -1
17881 -9.2 8.0 -1 7 -1
17882 -9.2 8.0 -1 7 -1
17883 -9.2 8.0 -1 7 -1
17884 -9.2 8.0 -1 7 -1
17885 -9.2 8.0 -1 7 -1
17886 -9.2 8.0 -1 7 -1
17887 -9.2 8.0 -1 7 -1
17888 -9.2 8.0 -1 7 -1
17889 -9.2 8.0 -1 7 -1
17890 -9.2 8.0 -1 7 -1
17891 -9.2 8.0 -1 7 -1
17892 -9.2 8.0 -1 7 -1
17893 -9.2 8.0 -1 7 -1
17894 -9.2 8.0 -1 7 -1
17895 -9.2 8.0 -1 7 -1
17896 -9.2 8.0 -1 7 -1
17897 -9.2 8.0 -1 7 -1
17898 -9.2 8.0 -1 7 -1
17899 -9.2 8.0 -1 7 -1
17900 -9.2 8.0 -1 7 -1
17901 -9.2 8.0 -1 7 -1
17902 -9.2 8.0 -1 7 -1
17903 -9.2 8.0 -1 7 -1
17904 -9.2 8.0 -1 7 -1
17905 -9.2 8.0 -1 7 -1
17906 -9.2 8.0 -1 7 -1
17907 -9.2 8.0 -1 7 -1
17908 -9.2 8.0 -1 7 -1
17909 -9.2 8.0 -1 7 -1
17910 -9.2 8.0 -1 7 -1
17912 -9.2 8.0 -1 7 -1
17913 -9.2 8.0 -1 7 -1
17914 -9.2 8.0 -1 7 -1
17916 -9.2 8.0 -1 7 -1
17917 -9.2 8.0 -1 7 -1
17918 -9.2 8.0 -1 7 -1
17919 -9.2 8.0 -1 7 -1
17921 -9.2 8.0 -1 7 -1
17922 -9.2 8.0 -1 7 -1
17923 -9.2 8.0 -1 7 -1
17924 -9.2 8.0 -1 7 -1
17925 -9.2 8.0 -1 7 -1
17926 -9.2 8.0 -1 7 -1
17927 -9.2 8.0 -1 7 -1
17928 -9.2 8.0 -1 7 -1
17929 -9.2 8.0 -1 7 -1
17930 -9.2 8.0 -1 7 -1
17931 -9.2 8.0 -1 7 -1
17932 -9.2 8.0 -1 7 -1
17933 -9.2 8.0 -1 7 -1
17934 -9.2 8.0 -1 7 -1
17935 -9.2 8.0 -1 7 -1
17937 -9.2 8.0 -1 7 -1
17938 -9.2 8.0 -1 7 -1
17939 -9.2 8.0 -1 7 -1
17940 -9.2 8.0 -1 7 -1
17941 -9.2 8.0 -1 7 -1
17942 -9.2 8.0 -1 7 -1
17943 -9.2 8.0 -1 7 -1
17944 -9.2 8.0 -1 7 -1
17945 -9.2 8.0 -1 7 -1
17946 -9.2 8.0 -1 7 -1
17947 -9.2 8.0 -1 6 -1
17948 -9.2 8.0 -1 6 -1
17949 -9.2 8.0 -1 6 -1
17950 -9.2 8.0 -1 6 -1
17952 -9.2 8.0 -1 6 -1
17953 -9.2 8.0 -1 5 -1
17954 -9.2 8.0 -1 5 -1
17955 -9.2 8.0 -1 5 -1
17956 -9.2 8.0 -1 5 -1
17957 -9.2 8.0 -1 5 -1
17958 -9.2 8.0 -1 5 -1
17959 -9.2 8.0 -1 5 -1
17960 -9.2 8.0 -1 5 -1
17962 -9.2 8.0 -1 5 -1
17963 -9.2 8.0 -1 5 -1
17964 -9.2 8.0 -1 5 -1
17965 -9.2 8.0 -1 5 -1
17966 -9.2 8.0 -1 5 -1
17967 -9.2 8.0 -1 5 -1
17968 -9.2 8.0 -1 5 -1
17969 -9.2 8.0 -1 6 -1
17970 -9.2 8.0 -1 6 -1
17971 -9.2 8.0 -1 6 -1
17973 -9.2 8.0 -1 6 -1
17974 -9.2 8.0 -1 6 -1
17975 -9.2 8.0 -1 6 -1
17976 -9.2 8.0 -1 6 -1
17978 -9.2 8.0 -1 5 -1
17979 -9.2 8.0 -1 5 -1
17980 -9.2 8.0 -1 5 -1
17981 -9.2 8.0 -1 5 -1
17982 -9.2 8.0 -1 5 -1
17983 -9.2 8.0 -1 5 -1
17984 -9.2 8.0 -1 5 -1
17985 -9.2 8.0 -1 5 -1
17986 -9.2 8.0 -1 5 -1
17987 -9.2 8.0 -1 5 -1
17988 -9.2 8.0 -1 5 -1
17989 -9.2 8.0 -1 5 -1
17990 -9.2 8.0 -1 5 -1
17991 -9.2 8.0 -1 5 -1
17989 -9.2 8.0 -1 5 -1
17990 -9.2 8.0 -1 5 -1
17991 -9.2 8.0 -1 5 -1
17992 -9.2 8.0 -1 5 -1
17993 -9.2 8.0 -1 5 -1
17994 -9.2 8.0 -1 5 -1
17996 -9.2 8.0 -1 5 -1
17997 -9.2 8.0 -1 6 -1
17998 -9.2 8.0 -1 5 -1
17999 -9.2 8.0 -1 5 -1
18000 -9.2 8.0 -1 5 -1
18001 -9.2 8.0 -1 5 -1
18003 -9.2 8.0 -1 0 -1
18004 -9.2 8.0 -1 6 -1
18006 -9.2 8.0 -1 0 -1
18007 -9.2 8.0 -1 6 -1
18009 -9.2 8.0 -1 6 -1
18010 -9.2 8.0 -1 6 -1
18011 -9.2 8.0 -1 6 -1
18013 -9.2 8.0 -1 7 -1
18014 -9.2 8.0 -1 7 -1
18016 -9.2 8.0 -1 7 -1
18017 -9.2 8.0 -1 7 -1
18018 -9.2 8.0 -1 7 -1
18019 -9.2 8.0 -1 7 -1
18022 -9.2 8.0 -1 7 -1
18023 -9.2 8.0 -1 5 -1
18024 -9.2 8.0 -1 7 -1
18026 -9.2 8.0 -1 8 -1
18028 -9.2 8.0 -1 7 -1
18029 -9.2 8.0 -1 7 -1
18031 -9.2 8.0 -1 5 -1
18032 -9.2 8.0 -1 7 -1
18033 -9.2 8.0 -1 7 -1
18035 -9.2 8.0 -1 7 -1
18038 -9.2 8.0 -1 6 -1
18041 -9.2 8.0 -1 6 -1
18042 -9.2 8.0 -1 6 -1
18043 -9.2 8.0 -1 6 -1
18044 -9.2 8.0 -1 5 -1
18045 -9.2 8.0 -1 5 -1
18046 -9.2 8.0 -1 6 -1
18047 -9.2 8.0 -1 6 -1
18048 -9.2 8.0 -1 5 -1
18049 -9.2 8.0 -1 4 -1
18050 -9.2 8.0 -1 4 -1
18051 -9.2 8.0 -1 4 -1
18052 -9.2 8.0 -1 4 -1
18053 -9.2 8.0 -1 4 -1
18055 -9.2 8.0 -1 5 -1
18056 -9.2 8.0 -1 5 -1
18057 -9.2 8.0 -1 5 -1
18058 -9.2 8.0 -1 4 -1
18059 -9.2 8.0 -1 4 -1
18061 -9.2 8.0 -1 6 -1
18062 -9.2 8.0 -1 6 -1
18063 -9.2 8.0 -1 5 -1
18067 -9.2 8.0 -1 6 -1
18068 -9.2 8.0 -1 6 -1
18070 -9.2 8.0 -1 6 -1
18072 -9.2 8.0 -1 6 -1
18073 -9.2 8.0 -1 7 -1
18074 -9.2 8.0 -1 7 -1
18075 -9.2 8.0 -1 7 -1
18077 -9.2 8.0 -1 7 -1
18079 -9.2 8.0 -1 6 -1
18081 -9.2 8.0 -1 7 -1
18082 -9.2 8.0 -1 6 -1
18084 -9.2 8.0 -1 6 -1
18085 -9.2 8.0 -1 6 -1
18086 -9.2 8.0 -1 6 -1
18087 -9.2 8.0 -1 5 -1
18088 -9.2 8.0 -1 5 -1
18089 -9.2 8.0 -1 6 -1
18090 -9.2 8.0 -1 5 -1
18091 -9.2 8.0 -1 5 -1
18092 -9.2 8.0 -1 5 -1
18093 -9.2 8.0 -1 5 -1
18094 -9.2 8.0 -1 5 -1
18095 -9.2 8.0 -1 5 -1
18096 -9.2 8.0 -1 6 -1
18097 -9.2 8.0 -1 5 -1
18098 -9.2 8.0 -1 5 -1
18099 -9.2 8.0 -1 6 -1
18100 -9.2 8.0 -1 6 -1
18101 -9.2 8.0 -1 6 -1
18103 -9.2 8.0 -1 6 -1
18104 -9.2 8.0 -1 7 -1
18105 -9.2 8.0 -1 7 -1
18107 -9.2 8.0 -1 7 -1
18108 -9.2 8.0 -1 6 -1
18109 -9.2 8.0 -1 7 -1
18110 -9.2 8.0 -1 7 -1
18111 -9.2 8.0 -1 7 -1
18112 -9.2 8.0 -1 7 -1
18113 -9.2 8.0 -1 7 -1
18114 -9.2 8.0 -1 7 -1
18115 -9.2 8.0 -1 6 -1
18116 -9.2 8.0 -1 6 -1
18117 -9.2 8.0 -1 7 -1
18118 -9.2 8.0 -1 8 -1
18119 -9.2 8.0 -1 7 -1
18120 -9.2 8.0 -1 7 -1
18121 -9.2 8.0 -1 7 -1
18123 -9.2 8.0 -1 7 -1
18124 -9.2 8.0 -1 7 -1
18125 -9.2 8.0 -1 7 -1
18128 -9.2 8.0 -1 7 -1
18129 -9.2 8.0 -1 7 -1
18130 -9.2 8.0 -1 7 -1
18131 -9.2 8.0 -1 5 -1
18132 -9.2 8.0 -1 5 -1
18133 -9.2 8.0 -1 6 -1
18134 -9.2 8.0 -1 6 -1
18135 -9.2 8.0 -1 6 -1
18136 -9.2 8.0 -1 6 -1
18138 -9.2 8.0 -1 4 -1
18145 -9.2 8.0 -1 5 -1
18146 -9.2 8.0 -1 5 -1
18149 -9.2 8.0 -1 6 -1
18150 -9.2 8.0 -1 5 -1
18153 -9.2 8.0 -1 5 -1
18154 -9.2 8.0 -1 5 -1
18157 -9.2 8.0 -1 6 -1
18158 -9.2 8.0 -1 6 -1
18159 -9.2 8.0 -1 6 -1
18162 -9.2 8.0 -1 6 -1
18163 -9.2 8.0 -1 7 -1
18166 -9.2 8.0 -1 7 -1
18167 -9.2 8.0 -1 7 -1
18168 -9.2 8.0 -1 7 -1
18172 -9.2 8.0 -1 5 -1
18173 -9.2 8.0 -1 7 -1
18176 -9.2 8.0 -1 7 -1
18177 -9.2 8.0 -1 7 -1
18178 -9.2 8.0 -1 7 -1
18180 -9.2 8.0 -1 7 -1
18181 -9.2 8.0 -1 7 -1
18992 -9.2 8.0 -1 6 -1
18994 -9.2 8.0 -1 7 -1
18995 -9.2 8.0 -1 7 -1
18996 -9.2 8.0 -1 6 -1
18997 -9.2 8.0 -1 6 -1
18998 -9.2 8.0 -1 6 -1
18999 -9.2 8.0 -1 6 -1
19000 -9.2 8.0 -1 6 -1
19001 -9.2 8.0 -1 7 -1
19002 -9.2 8.0 -1 7 -1
19003 -9.2 8.0 -1 7 -1
19004 -9.2 8.0 -1 7 -1
19005 -9.2 8.0 -1 7 -1
19006 -9.2 8.0 -1 6 -1
19007 -9.2 8.0 -1 4 -1
19008 -9.2 8.0 -1 6 -1
19009 -9.2 8.0 -1 6 -1
19010 -9.2 8.0 -1 6 -1
19011 -9.2 8.0 -1 6 -1
19012 -9.2 8.0 -1 6 -1
19013 -9.2 8.0 -1 6 -1
19014 -9.2 8.0 -1 5 -1
19015 -9.2 8.0 -1 4 -1
19016 -9.2 8.0 -1 5 -1
19017 -9.2 8.0 -1 5 -1
19018 -9.2 8.0 -1 5 -1
19019 -9.2 8.0 -1 4 -1
19020 -9.2 8.0 -1 4 -1
19021 -9.2 8.0 -1 7 -1
19022 -9.2 8.0 -1 6 -1
19023 -9.2 8.0 -1 5 -1
19070 -9.2 8.0 -1 6 -1
19071 -9.2 8.0 -1 6 -1
19072 -9.2 8.0 -1 6 -1
19073 -9.2 8.0 -1 6 -1
19074 -9.2 8.0 -1 6 -1
19075 -9.2 8.0 -1 6 -1
19076 -9.2 8.0 -1 6 -1
19077 -9.2 8.0 -1 6 -1
19078 -9.2 8.0 -1 6 -1
19079 -9.2 8.0 -1 6 -1
19080 -9.2 8.0 -1 6 -1
19081 -9.2 8.0 -1 6 -1
19082 -9.2 8.0 -1 6 -1
19083 -9.2 8.0 -1 6 -1
19084 -9.2 8.0 -1 6 -1
19085 -9.2 8.0 -1 6 -1
19086 -9.2 8.0 -1 6 -1
19087 -9.2 8.0 -1 6 -1
19088 -9.2 8.0 -1 6 -1
19089 -9.2 8.0 -1 6 -1
19091 -9.2 8.0 -1 6 -1
19092 -9.2 8.0 -1 6 -1
19093 -9.2 8.0 -1 6 -1
19094 -9.2 8.0 -1 6 -1
19095 -9.2 8.0 -1 6 -1
19096 -9.2 8.0 -1 6 -1
19097 -9.2 8.0 -1 6 -1
19098 -9.2 8.0 -1 6 -1
19099 -9.2 8.0 -1 6 -1
19100 -9.2 8.0 -1 6 -1
19101 -9.2 8.0 -1 6 -1
19102 -9.2 8.0 -1 6 -1
19103 -9.2 8.0 -1 6 -1
19104 -9.2 8.0 -1 6 -1
19105 -9.2 8.0 -1 6 -1
19106 -9.2 8.0 -1 6 -1
19107 -9.2 8.0 -1 6 -1
19110 -9.2 8.0 -1 6 -1
19111 -9.2 8.0 -1 6 -1
19112 -9.2 8.0 -1 6 -1
19113 -9.2 8.0 -1 6 -1
19114 -9.2 8.0 -1 6 -1
19115 -9.2 8.0 -1 6 -1
19116 -9.2 8.0 -1 6 -1
19117 -9.2 8.0 -1 6 -1
19118 -9.2 8.0 -1 6 -1
19119 -9.2 8.0 -1 6 -1
19120 -9.2 8.0 -1 6 -1
19121 -9.2 8.0 -1 6 -1
19122 -9.2 8.0 -1 6 -1
19123 -9.2 8.0 -1 6 -1
19124 -9.2 8.0 -1 6 -1
19125 -9.2 8.0 -1 6 -1
19126 -9.2 8.0 -1 6 -1
19127 -9.2 8.0 -1 6 -1
19128 -9.2 8.0 -1 6 -1
19129 -9.2 8.0 -1 6 -1
19130 -9.2 8.0 -1 6 -1
19131 -9.2 8.0 -1 6 -1
19132 -9.2 8.0 -1 6 -1
19133 -9.2 8.0 -1 6 -1
19134 -9.2 8.0 -1 6 -1
19135 -9.2 8.0 -1 6 -1
19136 -9.2 8.0 -1 6 -1
19137 -9.2 8.0 -1 6 -1
19138 -9.2 8.0 -1 6 -1
19139 -9.2 8.0 -1 6 -1
19140 -9.2 8.0 -1 6 -1
19141 -9.2 8.0 -1 6 -1
19142 -9.2 8.0 -1 6 -1
19143 -9.2 8.0 -1 6 -1
19144 -9.2 8.0 -1 6 -1
19145 -9.2 8.0 -1 6 -1
19146 -9.2 8.0 -1 5 -1
19147 -9.2 8.0 -1 5 -1
19148 -9.2 8.0 -1 5 -1
19149 -9.2 8.0 -1 5 -1
19160 -9.2 8.0 -1 6 -1
19161 -9.2 8.0 -1 6 -1
19162 -9.2 8.0 -1 6 -1
19163 -9.2 8.0 -1 6 -1
19164 -9.2 8.0 -1 6 -1
19165 -9.2 8.0 -1 6 -1
19166 -9.2 8.0 -1 6 -1
19167 -9.2 8.0 -1 6 -1
19168 -9.2 8.0 -1 6 -1
19169 -9.2 8.0 -1 6 -1
19170 -9.2 8.0 -1 6 -1
19171 -9.2 8.0 -1 6 -1
19172 -9.2 8.0 -1 6 -1
19173 -9.2 8.0 -1 6 -1
19174 -9.2 8.0 -1 6 -1
19175 -9.2 8.0 -1 8 -1
19176 -9.2 8.0 -1 7 -1
19177 -9.2 8.0 -1 7 -1
19180 -9.2 8.0 -1 7 -1
19181 -9.2 8.0 -1 7 -1
19182 -9.2 8.0 -1 7 -1
19183 -9.2 8.0 -1 7 -1
19184 -9.2 8.0 -1 7 -1
19194 -9.2 8.0 -1 7 -1
19195 -9.2 8.0 -1 7 -1
19196 -9.2 8.0 -1 7 -1
19197 -9.2 8.0 -1 7 -1
19198 -9.2 8.0 -1 7 -1
19199 -9.2 8.0 -1 7 -1
19407 -9.2 8.0 -1 4 -1
19408 -9.2 8.0 -1 4 -1
19412 -9.2 8.0 -1 4 -1
19413 -9.2 8.0 -1 5 -1
19414 -9.2 8.0 -1 6 -1
19417 -9.2 8.0 -1 6 -1
19419 -9.2 8.0 -1 3 -1
19421 -9.2 8.0 -1 4 -1
19422 -9.2 8.0 -1 4 -1
19423 -9.2 8.0 -1 4 -1
19424 -9.2 8.0 -1 4 -1
19425 -9.2 8.0 -1 4 -1
19426 -9.2 8.0 -1 4 -1
19427 -9.2 8.0 -1 4 -1
19428 -9.2 8.0 -1 4 -1
19429 -9.2 8.0 -1 4 -1
19430 -9.2 8.0 -1 4 -1
19431 -9.2 8.0 -1 4 -1
19432 -9.2 8.0 -1 4 -1
19433 -9.2 8.0 -1 4 -1
19434 -9.2 8.0 -1 5 -1
19435 -9.2 8.0 -1 5 -1
19436 -9.2 8.0 -1 4 -1
19437 -9.2 8.0 -1 4 -1
19438 -9.2 8.0 -1 4 -1
19439 -9.2 8.0 -1 4 -1
19443 -9.2 8.0 -1 6 -1
19444 -9.2 8.0 -1 6 -1
19447 -9.2 8.0 -1 5 -1
19448 -9.2 8.0 -1 5 -1
19449 -9.2 8.0 -1 5 -1
19450 -9.2 8.0 -1 5 -1
19451 -9.2 8.0 -1 5 -1
19452 -9.2 8.0 -1 5 -1
19453 -9.2 8.0 -1 5 -1
19454 -9.2 8.0 -1 5 -1
19456 -9.2 8.0 -1 6 -1
19458 -9.2 8.0 -1 6 -1
19459 -9.2 8.0 -1 6 -1
19460 -9.2 8.0 -1 4 -1
19461 -9.2 8.0 -1 4 -1
19462 -9.2 8.0 -1 4 -1
19464 -9.2 8.0 -1 5 -1
19465 -9.2 8.0 -1 5 -1
19466 -9.2 8.0 -1 3 -1
19467 -9.2 8.0 -1 3 -1
19468 -9.2 8.0 -1 3 -1
19469 -9.2 8.0 -1 3 -1
19479 -9.2 8.0 -1 3 -1
19471 -9.2 8.0 -1 3 -1
19472 -9.2 8.0 -1 3 -1
19473 -9.2 8.0 -1 3 -1
19474 -9.2 8.0 -1 3 -1
19475 -9.2 8.0 -1 3 -1
19476 -9.2 8.0 -1 3 -1
19478 -9.2 8.0 -1 4 -1
19480 -9.2 8.0 -1 6 -1
19481 -9.2 8.0 -1 6 -1
19482 -9.2 8.0 -1 5 -1
19483 -9.2 8.0 -1 5 -1
19484 -9.2 8.0 -1 5 -1
19485 -9.2 8.0 -1 5 -1
19486 -9.2 8.0 -1 5 -1
19487 -9.2 8.0 -1 5 -1
19488 -9.2 8.0 -1 5 -1
19489 -9.2 8.0 -1 4 -1
19490 -9.2 8.0 -1 4 -1
19491 -9.2 8.0 -1 4 -1
19492 -9.2 8.0 -1 4 -1
19493 -9.2 8.0 -1 4 -1
19494 -9.2 8.0 -1 4 -1
19495 -9.2 8.0 -1 4 -1
19496 -9.2 8.0 -1 4 -1
19497 -9.2 8.0 -1 4 -1
19498 -9.2 8.0 -1 4 -1
19499 -9.2 8.0 -1 4 -1
19500 -9.2 8.0 -1 4 -1
19501 -9.2 8.0 -1 4 -1
19502 -9.2 8.0 -1 4 -1
19503 -9.2 8.0 -1 4 -1
19504 -9.2 8.0 -1 4 -1
19505 -9.2 8.0 -1 6 -1
19506 -9.2 8.0 -1 6 -1
19507 -9.2 8.0 -1 5 -1
19508 -9.2 8.0 -1 5 -1
19509 -9.2 8.0 -1 5 -1
19511 -9.2 8.0 -1 7 -1
19512 -9.2 8.0 -1 7 -1
19514 -9.2 8.0 -1 5 -1
19515 -9.2 8.0 -1 5 -1
19516 -9.2 8.0 -1 5 -1
19518 -9.2 8.0 -1 5 -1
19520 -9.2 8.0 -1 5 -1
19521 -9.2 8.0 -1 6 -1
19523 -9.2 8.0 -1 6 -1
19524 -9.2 8.0 -1 6 -1
19525 -9.2 8.0 -1 5 -1
19526 -9.2 8.0 -1 5 -1
19527 -9.2 8.0 -1 3 -1
19528 -9.2 8.0 -1 3 -1
19529 -9.2 8.0 -1 3 -1
19530 -9.2 8.0 -1 3 -1
19534 -9.2 8.0 -1 4 -1
19535 -9.2 8.0 -1 4 -1
19537 -9.2 8.0 -1 0 -1
19539 -9.2 8.0 -1 4 -1
19540 -9.2 8.0 -1 4 -1
19541 -9.2 8.0 -1 4 -1
19542 -9.2 8.0 -1 0 -1
19543 -9.2 8.0 -1 4 -1
19545 -9.2 8.0 -1 4 -1
19546 -9.2 8.0 -1 4 -1
19547 -9.2 8.0 -1 4 -1
19548 -9.2 8.0 -1 4 -1
19549 -9.2 8.0 -1 4 -1
19551 -9.2 8.0 -1 6 -1
19553 -9.2 8.0 -1 4 -1
19555 -9.2 8.0 -1 6 -1
19556 -9.2 8.0 -1 6 -1
19558 -9.2 8.0 -1 5 -1
19560 -9.2 8.0 -1 5 -1
19561 -9.2 8.0 -1 5 -1
19563 -9.2 8.0 -1 6 -1
19566 -9.2 8.0 -1 6 -1
19568 -9.2 8.0 -1 5 -1
19569 -9.2 8.0 -1 3 -1
19570 -9.2 8.0 -1 3 -1
19571 -9.2 8.0 -1 3 -1
19572 -9.2 8.0 -1 3 -1
19575 -9.2 8.0 -1 4 -1
19576 -9.2 8.0 -1 4 -1
19577 -9.2 8.0 -1 4 -1
19578 -9.2 8.0 -1 4 -1
19580 -9.2 8.0 -1 6 -1
19583 -9.2 8.0 -1 3 -1
19584 -9.2 8.0 -1 3 -1
19585 -9.2 8.0 -1 5 -1
19589 -9.2 8.0 -1 4 -1
19592 -9.2 8.0 -1 6 -1
19593 -9.2 8.0 -1 5 -1
19594 -9.2 8.0 -1 5 -1
19595 -9.2 8.0 -1 5 -1
19596 -9.2 8.0 -1 6 -1
19597 -9.2 8.0 -1 4 -1
19598 -9.2 8.0 -1 5 -1
19599 -9.2 8.0 -1 6 -1
19601 -9.2 8.0 -1 4 -1
19602 -9.2 8.0 -1 5 -1
19603 -9.2 8.0 -1 5 -1
19604 -9.2 8.0 -1 3 -1
19605 -9.2 8.0 -1 3 -1
19607 -9.2 8.0 -1 6 -1
19608 -9.2 8.0 -1 4 -1
19609 -9.2 8.0 -1 4 -1
19610 -9.2 8.0 -1 4 -1
19611 -9.2 8.0 -1 4 -1
19612 -9.2 8.0 -1 4 -1
19614 -9.2 8.0 -1 6 -1
19615 -9.2 8.0 -1 3 -1
19616 -9.2 8.0 -1 3 -1
19617 -9.2 8.0 -1 5 -1
19618 -9.2 8.0 -1 5 -1
19620 -9.2 8.0 -1 6 -1
19622 -9.2 8.0 -1 4 -1
19623 -9.2 8.0 -1 4 -1
19625 -9.2 8.0 -1 5 -1
19626 -9.2 8.0 -1 5 -1
19628 -9.2 8.0 -1 6 -1
19632 -9.2 8.0 -1 5 -1
19633 -9.2 8.0 -1 5 -1
19634 -9.2 8.0 -1 4 -1
19635 -9.2 8.0 -1 4 -1
19636 -9.2 8.0 -1 6 -1
19637 -9.2 8.0 -1 5 -1
19638 -9.2 8.0 -1 5 -1
19639 -9.2 8.0 -1 5 -1
19640 -9.2 8.0 -1 5 -1
19641 -9.2 8.0 -1 5 -1
19642 -9.2 8.0 -1 5 -1
19643 -9.2 8.0 -1 5 -1
19644 -9.2 8.0 -1 6 -1
19645 -9.2 8.0 -1 6 -1
19646 -9.2 8.0 -1 6 -1
19647 -9.2 8.0 -1 6 -1
20358 -9.2 8.0 -1 4 -1
20359 -9.2 8.0 -1 4 -1
20362 -9.2 8.0 -1 6 -1
20363 -9.2 8.0 -1 6 -1
20364 -9.2 8.0 -1 3 -1
20365 -9.2 8.0 -1 3 -1
20366 -9.2 8.0 -1 3 -1
20367 -9.2 8.0 -1 5 -1
20368 -9.2 8.0 -1 5 -1
20369 -9.2 8.0 -1 4 -1
20370 -9.2 8.0 -1 5 -1
20372 -9.2 8.0 -1 6 -1
20373 -9.2 8.0 -1 4 -1
20374 -9.2 8.0 -1 4 -1
20375 -9.2 8.0 -1 4 -1
20376 -9.2 8.0 -1 4 -1
20378 -9.2 8.0 -1 6 -1
20379 -9.2 8.0 -1 3 -1
20380 -9.2 8.0 -1 3 -1
20381 -9.2 8.0 -1 5 -1
20382 -9.2 8.0 -1 5 -1
20383 -9.2 8.0 -1 3 -1
20384 -9.2 8.0 -1 3 -1
20386 -9.2 8.0 -1 6 -1
20387 -9.2 8.0 -1 4 -1
20388 -9.2 8.0 -1 4 -1
20389 -9.2 8.0 -1 4 -1
20390 -9.2 8.0 -1 4 -1
20392 -9.2 8.0 -1 6 -1
20393 -9.2 8.0 -1 3 -1
20394 -9.2 8.0 -1 3 -1
20395 -9.2 8.0 -1 3 -1
20397 -9.2 8.0 -1 3 -1
20398 -9.2 8.0 -1 5 -1
20399 -9.2 8.0 -1 5 -1
20401 -9.2 8.0 -1 4 -1
20405 -9.2 8.0 -1 3 -1
20406 -9.2 8.0 -1 6 -1
20409 -9.2 8.0 -1 5 -1
20413 -9.2 8.0 -1 5 -1

Momentum = -9.2, Angle = 8.00, 4/4
19150 -9.2 8.0 -1 -1 6
19151 -9.2 8.0 -1 -1 4
19152 -9.2 8.0 -1 -1 4
19153 -9.2 8.0 -1 -1 4
19154 -9.2 8.0 -1 -1 4
19155 -9.2 8.0 -1 -1 4
19156 -9.2 8.0 -1 -1 4
19157 -9.2 8.0 -1 -1 4
19158 -9.2 8.0 -1 -1 3
19159 -9.2 8.0 -1 -1 3

Momentum = -9.2, Angle = 8.50, 3/4
17300 -9.2 8.5 7 -1 -1
17303 -9.2 8.5 6 -1 -1
17304 -9.2 8.5 5 -1 -1
17307 -9.2 8.5 5 -1 -1


Momentum = -9.2, Angle = 8.50, ELREAL
17301 -9.2 8.5 -1 6 -1
17302 -9.2 8.5 -1 5 -1
17305 -9.2 8.5 -1 4 -1
17306 -9.2 8.5 -1 4 -1
17308 -9.2 8.5 -1 6 -1
17309 -9.2 8.5 -1 6 -1
17310 -9.2 8.5 -1 7 -1
17311 -9.2 8.5 -1 7 -1
17312 -9.2 8.5 -1 8 -1
19274 -9.2 8.5 -1 5 -1
19275 -9.2 8.5 -1 5 -1
19276 -9.2 8.5 -1 5 -1

Momentum = -9.2, Angle = 8.50, 4/4
19263 -9.2 8.5 -1 -1 4
19264 -9.2 8.5 -1 -1 2
19265 -9.2 8.5 -1 -1 2
19266 -9.2 8.5 -1 -1 3
19267 -9.2 8.5 -1 -1 1
19268 -9.2 8.5 -1 -1 1
19269 -9.2 8.5 -1 -1 2
19270 -9.2 8.5 -1 -1 2
19271 -9.2 8.5 -1 -1 1
19272 -9.2 8.5 -1 -1 0
19273 -9.2 8.5 -1 -1 0
19689 -9.2 8.5 -1 -1 2
19690 -9.2 8.5 -1 -1 2
19692 -9.2 8.5 -1 -1 1
19693 -9.2 8.5 -1 -1 1
19694 -9.2 8.5 -1 -1 2
19695 -9.2 8.5 -1 -1 2
19696 -9.2 8.5 -1 -1 2
19697 -9.2 8.5 -1 -1 2
19698 -9.2 8.5 -1 -1 2
19699 -9.2 8.5 -1 -1 2
19700 -9.2 8.5 -1 -1 2
19701 -9.2 8.5 -1 -1 2
19702 -9.2 8.5 -1 -1 1
19703 -9.2 8.5 -1 -1 1
19704 -9.2 8.5 -1 -1 2
19705 -9.2 8.5 -1 -1 2
19706 -9.2 8.5 -1 -1 1
19707 -9.2 8.5 -1 -1 1
19708 -9.2 8.5 -1 -1 1
19709 -9.2 8.5 -1 -1 1
19711 -9.2 8.5 -1 -1 0
19712 -9.2 8.5 -1 -1 0
19713 -9.2 8.5 -1 -1 0
19714 -9.2 8.5 -1 -1 0
19715 -9.2 8.5 -1 -1 0
19716 -9.2 8.5 -1 -1 3
19718 -9.2 8.5 -1 -1 1
19720 -9.2 8.5 -1 -1 3
19721 -9.2 8.5 -1 -1 4
19722 -9.2 8.5 -1 -1 2
19723 -9.2 8.5 -1 -1 2
19724 -9.2 8.5 -1 -1 2
19725 -9.2 8.5 -1 -1 2
19726 -9.2 8.5 -1 -1 2
19727 -9.2 8.5 -1 -1 2
19728 -9.2 8.5 -1 -1 2
19729 -9.2 8.5 -1 -1 1
19730 -9.2 8.5 -1 -1 2
19732 -9.2 8.5 -1 -1 1
19734 -9.2 8.5 -1 -1 2
19735 -9.2 8.5 -1 -1 0
19736 -9.2 8.5 -1 -1 0
19737 -9.2 8.5 -1 -1 0
19738 -9.2 8.5 -1 -1 2
19739 -9.2 8.5 -1 -1 1
19740 -9.2 8.5 -1 -1 1
19741 -9.2 8.5 -1 -1 0
19746 -9.2 8.5 -1 -1 0
19747 -9.2 8.5 -1 -1 0
19748 -9.2 8.5 -1 -1 0
19749 -9.2 8.5 -1 -1 0
19750 -9.2 8.5 -1 -1 0
19751 -9.2 8.5 -1 -1 0
19752 -9.2 8.5 -1 -1 0
19753 -9.2 8.5 -1 -1 0
19754 -9.2 8.5 -1 -1 0
19755 -9.2 8.5 -1 -1 0
19756 -9.2 8.5 -1 -1 0
19757 -9.2 8.5 -1 -1 0
19758 -9.2 8.5 -1 -1 0
19759 -9.2 8.5 -1 -1 0
19760 -9.2 8.5 -1 -1 0
19761 -9.2 8.5 -1 -1 0
19762 -9.2 8.5 -1 -1 0
19763 -9.2 8.5 -1 -1 0
19764 -9.2 8.5 -1 -1 0
19765 -9.2 8.5 -1 -1 0
19766 -9.2 8.5 -1 -1 0
19767 -9.2 8.5 -1 -1 0
19768 -9.2 8.5 -1 -1 0
19769 -9.2 8.5 -1 -1 0
19770 -9.2 8.5 -1 -1 0
19771 -9.2 8.5 -1 -1 0
19772 -9.2 8.5 -1 -1 0
19773 -9.2 8.5 -1 -1 0
19774 -9.2 8.5 -1 -1 0
19775 -9.2 8.5 -1 -1 0
19776 -9.2 8.5 -1 -1 0
19777 -9.2 8.5 -1 -1 0
19778 -9.2 8.5 -1 -1 0
19779 -9.2 8.5 -1 -1 0
19780 -9.2 8.5 -1 -1 0
19781 -9.2 8.5 -1 -1 0
19782 -9.2 8.5 -1 -1 0
19783 -9.2 8.5 -1 -1 0
19784 -9.2 8.5 -1 -1 0
19785 -9.2 8.5 -1 -1 0
19786 -9.2 8.5 -1 -1 0
19787 -9.2 8.5 -1 -1 0
19788 -9.2 8.5 -1 -1 0
19789 -9.2 8.5 -1 -1 0
19790 -9.2 8.5 -1 -1 0
19791 -9.2 8.5 -1 -1 0
19792 -9.2 8.5 -1 -1 0
19793 -9.2 8.5 -1 -1 0
19794 -9.2 8.5 -1 -1 0
19795 -9.2 8.5 -1 -1 0
19796 -9.2 8.5 -1 -1 0
19797 -9.2 8.5 -1 -1 0
19798 -9.2 8.5 -1 -1 0
19799 -9.2 8.5 -1 -1 0
19800 -9.2 8.5 -1 -1 0
19801 -9.2 8.5 -1 -1 0
19802 -9.2 8.5 -1 -1 0
19803 -9.2 8.5 -1 -1 0
19804 -9.2 8.5 -1 -1 0
19805 -9.2 8.5 -1 -1 0
19806 -9.2 8.5 -1 -1 0
19807 -9.2 8.5 -1 -1 0
19808 -9.2 8.5 -1 -1 0
19809 -9.2 8.5 -1 -1 0
19810 -9.2 8.5 -1 -1 0
19811 -9.2 8.5 -1 -1 0
19812 -9.2 8.5 -1 -1 0
19813 -9.2 8.5 -1 -1 0
19814 -9.2 8.5 -1 -1 0
19815 -9.2 8.5 -1 -1 0
19816 -9.2 8.5 -1 -1 0
19817 -9.2 8.5 -1 -1 0
19819 -9.2 8.5 -1 -1 0
19820 -9.2 8.5 -1 -1 0
19821 -9.2 8.5 -1 -1 0
19822 -9.2 8.5 -1 -1 0
19823 -9.2 8.5 -1 -1 0
19824 -9.2 8.5 -1 -1 0
19825 -9.2 8.5 -1 -1 0
19826 -9.2 8.5 -1 -1 0
19827 -9.2 8.5 -1 -1 0
19828 -9.2 8.5 -1 -1 0
19829 -9.2 8.5 -1 -1 0
19830 -9.2 8.5 -1 -1 0
19831 -9.2 8.5 -1 -1 0
19832 -9.2 8.5 -1 -1 0
19833 -9.2 8.5 -1 -1 0
19834 -9.2 8.5 -1 -1 0
19835 -9.2 8.5 -1 -1 0
19836 -9.2 8.5 -1 -1 0
19837 -9.2 8.5 -1 -1 0
19838 -9.2 8.5 -1 -1 0
19839 -9.2 8.5 -1 -1 0
19840 -9.2 8.5 -1 -1 0
19842 -9.2 8.5 -1 -1 0
19843 -9.2 8.5 -1 -1 0
19844 -9.2 8.5 -1 -1 0
19845 -9.2 8.5 -1 -1 0
19846 -9.2 8.5 -1 -1 0
19847 -9.2 8.5 -1 -1 0
19848 -9.2 8.5 -1 -1 0
19849 -9.2 8.5 -1 -1 0
19850 -9.2 8.5 -1 -1 0
19851 -9.2 8.5 -1 -1 0
19852 -9.2 8.5 -1 -1 0
19853 -9.2 8.5 -1 -1 0
19854 -9.2 8.5 -1 -1 0
19855 -9.2 8.5 -1 -1 0
19856 -9.2 8.5 -1 -1 0
19857 -9.2 8.5 -1 -1 0
19858 -9.2 8.5 -1 -1 0
19859 -9.2 8.5 -1 -1 0
19860 -9.2 8.5 -1 -1 0
19861 -9.2 8.5 -1 -1 0
19862 -9.2 8.5 -1 -1 0
19863 -9.2 8.5 -1 -1 0
19864 -9.2 8.5 -1 -1 0
19865 -9.2 8.5 -1 -1 0
19866 -9.2 8.5 -1 -1 0
19867 -9.2 8.5 -1 -1 0
19868 -9.2 8.5 -1 -1 0
19869 -9.2 8.5 -1 -1 0
19870 -9.2 8.5 -1 -1 0
19871 -9.2 8.5 -1 -1 0
19872 -9.2 8.5 -1 -1 0
19873 -9.2 8.5 -1 -1 0
19874 -9.2 8.5 -1 -1 0
19875 -9.2 8.5 -1 -1 0

Momentum = -9.2, Angle = 10.00, 3/4
18343 -9.2 10.0 7 -1 -1
18344 -9.2 10.0 7 -1 -1
18349 -9.2 10.0 6 -1 -1
18350 -9.2 10.0 6 -1 -1
18351 -9.2 10.0 6 -1 -1
18352 -9.2 10.0 6 -1 -1
18375 -9.2 10.0 3 -1 -1
18376 -9.2 10.0 5 -1 -1
18377 -9.2 10.0 4 -1 -1
18378 -9.2 10.0 5 -1 -1
18419 -9.2 10.0 7 -1 -1
18422 -9.2 10.0 7 -1 -1
18425 -9.2 10.0 7 -1 -1
18426 -9.2 10.0 7 -1 -1
18445 -9.2 10.0 4 -1 -1
18447 -9.2 10.0 5 -1 -1
18563 -9.2 10.0 5 -1 -1
18564 -9.2 10.0 4 -1 -1
19888 -9.2 10.0 0 -1 -1
19893 -9.2 10.0 5 -1 -1
19895 -9.2 10.0 4 -1 -1
19897 -9.2 10.0 4 -1 -1
19898 -9.2 10.0 4 -1 -1
20245 -9.2 10.0 0 -1 -1
20246 -9.2 10.0 0 -1 -1
20247 -9.2 10.0 0 -1 -1
20248 -9.2 10.0 0 -1 -1
20249 -9.2 10.0 0 -1 -1

Momentum = -9.2, Angle = 10.00, ELREAL
18341 -9.2 10.0 -1 7 -1
18342 -9.2 10.0 -1 7 -1
18345 -9.2 10.0 -1 6 -1
18346 -9.2 10.0 -1 4 -1
18347 -9.2 10.0 -1 4 -1
18348 -9.2 10.0 -1 6 -1
18353 -9.2 10.0 -1 6 -1
18354 -9.2 10.0 -1 6 -1
18356 -9.2 10.0 -1 5 -1
18357 -9.2 10.0 -1 5 -1
18358 -9.2 10.0 -1 3 -1
18359 -9.2 10.0 -1 3 -1
18360 -9.2 10.0 -1 3 -1
18361 -9.2 10.0 -1 3 -1
18421 -9.2 10.0 -1 6 -1
18587 -9.2 10.0 -1 3 -1
18588 -9.2 10.0 -1 3 -1
18589 -9.2 10.0 -1 3 -1
18590 -9.2 10.0 -1 3 -1
18684 -9.2 10.0 -1 4 -1
18686 -9.2 10.0 -1 4 -1
18720 -9.2 10.0 -1 4 -1
18721 -9.2 10.0 -1 4 -1
18857 -9.2 10.0 -1 4 -1
18858 -9.2 10.0 -1 3 -1
18882 -9.2 10.0 -1 3 -1
18883 -9.2 10.0 -1 3 -1
18922 -9.2 10.0 -1 4 -1
18923 -9.2 10.0 -1 4 -1
18924 -9.2 10.0 -1 4 -1
18931 -9.2 10.0 -1 3 -1
18932 -9.2 10.0 -1 4 -1
18943 -9.2 10.0 -1 1 -1
18945 -9.2 10.0 -1 4 -1
18948 -9.2 10.0 -1 2 -1
18951 -9.2 10.0 -1 4 -1
18953 -9.2 10.0 -1 3 -1
18958 -9.2 10.0 -1 3 -1
18960 -9.2 10.0 -1 4 -1
18965 -9.2 10.0 -1 4 -1
18968 -9.2 10.0 -1 2 -1
18969 -9.2 10.0 -1 4 -1
18972 -9.2 10.0 -1 5 -1
18974 -9.2 10.0 -1 5 -1
18975 -9.2 10.0 -1 4 -1
18980 -9.2 10.0 -1 2 -1
18981 -9.2 10.0 -1 4 -1
18983 -9.2 10.0 -1 4 -1
18988 -9.2 10.0 -1 4 -1
18989 -9.2 10.0 -1 3 -1
19259 -9.2 10.0 -1 4 -1
19260 -9.2 10.0 -1 4 -1
19261 -9.2 10.0 -1 5 -1
19262 -9.2 10.0 -1 5 -1
19975 -9.2 10.0 -1 3 -1
19988 -9.2 10.0 -1 4 -1
20070 -9.2 10.0 -1 3 -1
20265 -9.2 10.0 -1 3 -1
20286 -9.2 10.0 -1 3 -1
20317 -9.2 10.0 -1 3 -1
20324 -9.2 10.0 -1 2 -1
20443 -9.2 10.0 -1 4 -1
20506 -9.2 10.0 -1 4 -1

Momentum = -9.2, Angle = 10.00, 4/4
18355 -9.2 10.0 -1 -1 5
18363 -9.2 10.0 -1 -1 2
18364 -9.2 10.0 -1 -1 2
18365 -9.2 10.0 -1 -1 3
18366 -9.2 10.0 -1 -1 3
18367 -9.2 10.0 -1 -1 3
18368 -9.2 10.0 -1 -1 3
18369 -9.2 10.0 -1 -1 3
18370 -9.2 10.0 -1 -1 3
18371 -9.2 10.0 -1 -1 3
18372 -9.2 10.0 -1 -1 3
18373 -9.2 10.0 -1 -1 3
18374 -9.2 10.0 -1 -1 3
18379 -9.2 10.0 -1 -1 5
18380 -9.2 10.0 -1 -1 5
18395 -9.2 10.0 -1 -1 5
18396 -9.2 10.0 -1 -1 5
18397 -9.2 10.0 -1 -1 5
18398 -9.2 10.0 -1 -1 5
18399 -9.2 10.0 -1 -1 5
18400 -9.2 10.0 -1 -1 5
18401 -9.2 10.0 -1 -1 5
18402 -9.2 10.0 -1 -1 5
18403 -9.2 10.0 -1 -1 5
18404 -9.2 10.0 -1 -1 5
18405 -9.2 10.0 -1 -1 5
18406 -9.2 10.0 -1 -1 5
18407 -9.2 10.0 -1 -1 5
18408 -9.2 10.0 -1 -1 5
18409 -9.2 10.0 -1 -1 5
18411 -9.2 10.0 -1 -1 5
18412 -9.2 10.0 -1 -1 5
18416 -9.2 10.0 -1 -1 4
18417 -9.2 10.0 -1 -1 4
18420 -9.2 10.0 -1 -1 4
18423 -9.2 10.0 -1 -1 4
18427 -9.2 10.0 -1 -1 3
18428 -9.2 10.0 -1 -1 3
18429 -9.2 10.0 -1 -1 3
18430 -9.2 10.0 -1 -1 3
18431 -9.2 10.0 -1 -1 3
18432 -9.2 10.0 -1 -1 3
18433 -9.2 10.0 -1 -1 3
18434 -9.2 10.0 -1 -1 3
18435 -9.2 10.0 -1 -1 3
18436 -9.2 10.0 -1 -1 3
18437 -9.2 10.0 -1 -1 3
18438 -9.2 10.0 -1 -1 3
18439 -9.2 10.0 -1 -1 3
18442 -9.2 10.0 -1 -1 3
18443 -9.2 10.0 -1 -1 3
18444 -9.2 10.0 -1 -1 3
18494 -9.2 10.0 -1 -1 4
18495 -9.2 10.0 -1 -1 2
18496 -9.2 10.0 -1 -1 1
18497 -9.2 10.0 -1 -1 2
18498 -9.2 10.0 -1 -1 3
18499 -9.2 10.0 -1 -1 4
18504 -9.2 10.0 -1 -1 5
18505 -9.2 10.0 -1 -1 5
18506 -9.2 10.0 -1 -1 5
18507 -9.2 10.0 -1 -1 3
18509 -9.2 10.0 -1 -1 2
18510 -9.2 10.0 -1 -1 2
18511 -9.2 10.0 -1 -1 2
18512 -9.2 10.0 -1 -1 2
18513 -9.2 10.0 -1 -1 2
18514 -9.2 10.0 -1 -1 2
18515 -9.2 10.0 -1 -1 2
18516 -9.2 10.0 -1 -1 2
18517 -9.2 10.0 -1 -1 2
18518 -9.2 10.0 -1 -1 2
18519 -9.2 10.0 -1 -1 2
18520 -9.2 10.0 -1 -1 2
18521 -9.2 10.0 -1 -1 3
18522 -9.2 10.0 -1 -1 3
18523 -9.2 10.0 -1 -1 1
18524 -9.2 10.0 -1 -1 3
18525 -9.2 10.0 -1 -1 2
18527 -9.2 10.0 -1 -1 2
18528 -9.2 10.0 -1 -1 0
18529 -9.2 10.0 -1 -1 2
18532 -9.2 10.0 -1 -1 2
18533 -9.2 10.0 -1 -1 2
18534 -9.2 10.0 -1 -1 2
18537 -9.2 10.0 -1 -1 1
18538 -9.2 10.0 -1 -1 1
18539 -9.2 10.0 -1 -1 1
18540 -9.2 10.0 -1 -1 0
18541 -9.2 10.0 -1 -1 0
18542 -9.2 10.0 -1 -1 0
18543 -9.2 10.0 -1 -1 0
18544 -9.2 10.0 -1 -1 0
18547 -9.2 10.0 -1 -1 0
18548 -9.2 10.0 -1 -1 0
18549 -9.2 10.0 -1 -1 0
18550 -9.2 10.0 -1 -1 0
18551 -9.2 10.0 -1 -1 0
18552 -9.2 10.0 -1 -1 0
18553 -9.2 10.0 -1 -1 0
18554 -9.2 10.0 -1 -1 0
18555 -9.2 10.0 -1 -1 0
18556 -9.2 10.0 -1 -1 0
18557 -9.2 10.0 -1 -1 0
18558 -9.2 10.0 -1 -1 0
18559 -9.2 10.0 -1 -1 0
18560 -9.2 10.0 -1 -1 0
18561 -9.2 10.0 -1 -1 0
18562 -9.2 10.0 -1 -1 0
18565 -9.2 10.0 -1 -1 0
18566 -9.2 10.0 -1 -1 0
18568 -9.2 10.0 -1 -1 0
18569 -9.2 10.0 -1 -1 0
18570 -9.2 10.0 -1 -1 0
18571 -9.2 10.0 -1 -1 0
18572 -9.2 10.0 -1 -1 0
18573 -9.2 10.0 -1 -1 0
18574 -9.2 10.0 -1 -1 0
18575 -9.2 10.0 -1 -1 0
18576 -9.2 10.0 -1 -1 0
18577 -9.2 10.0 -1 -1 0
18578 -9.2 10.0 -1 -1 0
18579 -9.2 10.0 -1 -1 0
18580 -9.2 10.0 -1 -1 0
18581 -9.2 10.0 -1 -1 0
18582 -9.2 10.0 -1 -1 0
18583 -9.2 10.0 -1 -1 0
18584 -9.2 10.0 -1 -1 0
18585 -9.2 10.0 -1 -1 0
18586 -9.2 10.0 -1 -1 0
18591 -9.2 10.0 -1 -1 0
18592 -9.2 10.0 -1 -1 0
18593 -9.2 10.0 -1 -1 0
18594 -9.2 10.0 -1 -1 0
18595 -9.2 10.0 -1 -1 0
18596 -9.2 10.0 -1 -1 0
18597 -9.2 10.0 -1 -1 0
18598 -9.2 10.0 -1 -1 0
18599 -9.2 10.0 -1 -1 0
18600 -9.2 10.0 -1 -1 0
18601 -9.2 10.0 -1 -1 0
18602 -9.2 10.0 -1 -1 0
18603 -9.2 10.0 -1 -1 0
18604 -9.2 10.0 -1 -1 0
18605 -9.2 10.0 -1 -1 0
18606 -9.2 10.0 -1 -1 0
18607 -9.2 10.0 -1 -1 0
18608 -9.2 10.0 -1 -1 0
18609 -9.2 10.0 -1 -1 0
18610 -9.2 10.0 -1 -1 0
18611 -9.2 10.0 -1 -1 0
18612 -9.2 10.0 -1 -1 0
18613 -9.2 10.0 -1 -1 0
18614 -9.2 10.0 -1 -1 0
18615 -9.2 10.0 -1 -1 0
18616 -9.2 10.0 -1 -1 0
18617 -9.2 10.0 -1 -1 0
18618 -9.2 10.0 -1 -1 0
18619 -9.2 10.0 -1 -1 0
18620 -9.2 10.0 -1 -1 0
18621 -9.2 10.0 -1 -1 0
18622 -9.2 10.0 -1 -1 0
18623 -9.2 10.0 -1 -1 0
18624 -9.2 10.0 -1 -1 1
18625 -9.2 10.0 -1 -1 1
18626 -9.2 10.0 -1 -1 1
18627 -9.2 10.0 -1 -1 1
18628 -9.2 10.0 -1 -1 1
18629 -9.2 10.0 -1 -1 1
18630 -9.2 10.0 -1 -1 1
18631 -9.2 10.0 -1 -1 1
18632 -9.2 10.0 -1 -1 1
18633 -9.2 10.0 -1 -1 1
18634 -9.2 10.0 -1 -1 1
18635 -9.2 10.0 -1 -1 1
18636 -9.2 10.0 -1 -1 1
18637 -9.2 10.0 -1 -1 1
18638 -9.2 10.0 -1 -1 1
18639 -9.2 10.0 -1 -1 1
18640 -9.2 10.0 -1 -1 1
18641 -9.2 10.0 -1 -1 1
18642 -9.2 10.0 -1 -1 1
18643 -9.2 10.0 -1 -1 1
18644 -9.2 10.0 -1 -1 1
18645 -9.2 10.0 -1 -1 1
18646 -9.2 10.0 -1 -1 1
18647 -9.2 10.0 -1 -1 1
18648 -9.2 10.0 -1 -1 0
18649 -9.2 10.0 -1 -1 0
18650 -9.2 10.0 -1 -1 0
18651 -9.2 10.0 -1 -1 0
18652 -9.2 10.0 -1 -1 0
18653 -9.2 10.0 -1 -1 0
18654 -9.2 10.0 -1 -1 0
18655 -9.2 10.0 -1 -1 0
18656 -9.2 10.0 -1 -1 0
18657 -9.2 10.0 -1 -1 0
18658 -9.2 10.0 -1 -1 0
18659 -9.2 10.0 -1 -1 0
18660 -9.2 10.0 -1 -1 0
18661 -9.2 10.0 -1 -1 0
18662 -9.2 10.0 -1 -1 0
18663 -9.2 10.0 -1 -1 0
18664 -9.2 10.0 -1 -1 0
18665 -9.2 10.0 -1 -1 0
18666 -9.2 10.0 -1 -1 0
18667 -9.2 10.0 -1 -1 0
18668 -9.2 10.0 -1 -1 0
18669 -9.2 10.0 -1 -1 0
18670 -9.2 10.0 -1 -1 0
18671 -9.2 10.0 -1 -1 0
18672 -9.2 10.0 -1 -1 0
18673 -9.2 10.0 -1 -1 0
18675 -9.2 10.0 -1 -1 0
18676 -9.2 10.0 -1 -1 0
18677 -9.2 10.0 -1 -1 0
18678 -9.2 10.0 -1 -1 0
18679 -9.2 10.0 -1 -1 0
18680 -9.2 10.0 -1 -1 0
18681 -9.2 10.0 -1 -1 0
18682 -9.2 10.0 -1 -1 0
18683 -9.2 10.0 -1 -1 0
18687 -9.2 10.0 -1 -1 0
18688 -9.2 10.0 -1 -1 0
18690 -9.2 10.0 -1 -1 0
18691 -9.2 10.0 -1 -1 0
18692 -9.2 10.0 -1 -1 0
18693 -9.2 10.0 -1 -1 0
18694 -9.2 10.0 -1 -1 0
18695 -9.2 10.0 -1 -1 0
18696 -9.2 10.0 -1 -1 0
18697 -9.2 10.0 -1 -1 0
18698 -9.2 10.0 -1 -1 0
18699 -9.2 10.0 -1 -1 0
18700 -9.2 10.0 -1 -1 0
18701 -9.2 10.0 -1 -1 0
18702 -9.2 10.0 -1 -1 0
18703 -9.2 10.0 -1 -1 0
18704 -9.2 10.0 -1 -1 0
18705 -9.2 10.0 -1 -1 0
18706 -9.2 10.0 -1 -1 0
18707 -9.2 10.0 -1 -1 0
18708 -9.2 10.0 -1 -1 0
18709 -9.2 10.0 -1 -1 0
18710 -9.2 10.0 -1 -1 0
18711 -9.2 10.0 -1 -1 0
18713 -9.2 10.0 -1 -1 0
18714 -9.2 10.0 -1 -1 0
18715 -9.2 10.0 -1 -1 0
18716 -9.2 10.0 -1 -1 0
18717 -9.2 10.0 -1 -1 0
18718 -9.2 10.0 -1 -1 0
18719 -9.2 10.0 -1 -1 0
18722 -9.2 10.0 -1 -1 0
18724 -9.2 10.0 -1 -1 0
18725 -9.2 10.0 -1 -1 0
18726 -9.2 10.0 -1 -1 0
18727 -9.2 10.0 -1 -1 0
18729 -9.2 10.0 -1 -1 0
18730 -9.2 10.0 -1 -1 0
18731 -9.2 10.0 -1 -1 0
18732 -9.2 10.0 -1 -1 0
18733 -9.2 10.0 -1 -1 0
18734 -9.2 10.0 -1 -1 0
18735 -9.2 10.0 -1 -1 0
18736 -9.2 10.0 -1 -1 0
18737 -9.2 10.0 -1 -1 0
18738 -9.2 10.0 -1 -1 0
18739 -9.2 10.0 -1 -1 0
18740 -9.2 10.0 -1 -1 0
18747 -9.2 10.0 -1 -1 0
18749 -9.2 10.0 -1 -1 0
18750 -9.2 10.0 -1 -1 0
18751 -9.2 10.0 -1 -1 0
18752 -9.2 10.0 -1 -1 0
18754 -9.2 10.0 -1 -1 1
18755 -9.2 10.0 -1 -1 1
18756 -9.2 10.0 -1 -1 1
18757 -9.2 10.0 -1 -1 1
18758 -9.2 10.0 -1 -1 0
18760 -9.2 10.0 -1 -1 1
18761 -9.2 10.0 -1 -1 1
18762 -9.2 10.0 -1 -1 1
18763 -9.2 10.0 -1 -1 1
18764 -9.2 10.0 -1 -1 1
18765 -9.2 10.0 -1 -1 1
18766 -9.2 10.0 -1 -1 0
18767 -9.2 10.0 -1 -1 1
18768 -9.2 10.0 -1 -1 0
18769 -9.2 10.0 -1 -1 0
18770 -9.2 10.0 -1 -1 0
18771 -9.2 10.0 -1 -1 0
18772 -9.2 10.0 -1 -1 0
18773 -9.2 10.0 -1 -1 0
18774 -9.2 10.0 -1 -1 0
18775 -9.2 10.0 -1 -1 0
18776 -9.2 10.0 -1 -1 0
18777 -9.2 10.0 -1 -1 0
18778 -9.2 10.0 -1 -1 0
18779 -9.2 10.0 -1 -1 0
18780 -9.2 10.0 -1 -1 0
18781 -9.2 10.0 -1 -1 0
18782 -9.2 10.0 -1 -1 1
18783 -9.2 10.0 -1 -1 1
18784 -9.2 10.0 -1 -1 1
18785 -9.2 10.0 -1 -1 1
18786 -9.2 10.0 -1 -1 1
18787 -9.2 10.0 -1 -1 1
18788 -9.2 10.0 -1 -1 1
18789 -9.2 10.0 -1 -1 1
18790 -9.2 10.0 -1 -1 1
18791 -9.2 10.0 -1 -1 1
18792 -9.2 10.0 -1 -1 1
18793 -9.2 10.0 -1 -1 1
18794 -9.2 10.0 -1 -1 1
18795 -9.2 10.0 -1 -1 1
18796 -9.2 10.0 -1 -1 1
18797 -9.2 10.0 -1 -1 1
18798 -9.2 10.0 -1 -1 1
18799 -9.2 10.0 -1 -1 1
18800 -9.2 10.0 -1 -1 1
18801 -9.2 10.0 -1 -1 1
18802 -9.2 10.0 -1 -1 1
18803 -9.2 10.0 -1 -1 1
18804 -9.2 10.0 -1 -1 1
18805 -9.2 10.0 -1 -1 1
18807 -9.2 10.0 -1 -1 1
18808 -9.2 10.0 -1 -1 1
18809 -9.2 10.0 -1 -1 1
18810 -9.2 10.0 -1 -1 1
18811 -9.2 10.0 -1 -1 1
18812 -9.2 10.0 -1 -1 1
18813 -9.2 10.0 -1 -1 1
18814 -9.2 10.0 -1 -1 1
18815 -9.2 10.0 -1 -1 1
18816 -9.2 10.0 -1 -1 1
18817 -9.2 10.0 -1 -1 1
18818 -9.2 10.0 -1 -1 0
18819 -9.2 10.0 -1 -1 0
18820 -9.2 10.0 -1 -1 0
18821 -9.2 10.0 -1 -1 0
18822 -9.2 10.0 -1 -1 0
18823 -9.2 10.0 -1 -1 0
18824 -9.2 10.0 -1 -1 0
18825 -9.2 10.0 -1 -1 0
18826 -9.2 10.0 -1 -1 0
18827 -9.2 10.0 -1 -1 0
18828 -9.2 10.0 -1 -1 0
18829 -9.2 10.0 -1 -1 0
18830 -9.2 10.0 -1 -1 0
18831 -9.2 10.0 -1 -1 0
18832 -9.2 10.0 -1 -1 0
18833 -9.2 10.0 -1 -1 0
18834 -9.2 10.0 -1 -1 0
18835 -9.2 10.0 -1 -1 0
18836 -9.2 10.0 -1 -1 0
18837 -9.2 10.0 -1 -1 0
18838 -9.2 10.0 -1 -1 0
18839 -9.2 10.0 -1 -1 0
18840 -9.2 10.0 -1 -1 0
18843 -9.2 10.0 -1 -1 0
18844 -9.2 10.0 -1 -1 0
18845 -9.2 10.0 -1 -1 0
18846 -9.2 10.0 -1 -1 0
18847 -9.2 10.0 -1 -1 0
18848 -9.2 10.0 -1 -1 0
18849 -9.2 10.0 -1 -1 0
18850 -9.2 10.0 -1 -1 0
18851 -9.2 10.0 -1 -1 0
18852 -9.2 10.0 -1 -1 0
18853 -9.2 10.0 -1 -1 0
18854 -9.2 10.0 -1 -1 0
18855 -9.2 10.0 -1 -1 0
18856 -9.2 10.0 -1 -1 0
18859 -9.2 10.0 -1 -1 0
18860 -9.2 10.0 -1 -1 0
18861 -9.2 10.0 -1 -1 0
18862 -9.2 10.0 -1 -1 0
18863 -9.2 10.0 -1 -1 0
18864 -9.2 10.0 -1 -1 0
18865 -9.2 10.0 -1 -1 0
18866 -9.2 10.0 -1 -1 0
18867 -9.2 10.0 -1 -1 0
18868 -9.2 10.0 -1 -1 0
18869 -9.2 10.0 -1 -1 0
18870 -9.2 10.0 -1 -1 0
18871 -9.2 10.0 -1 -1 0
18872 -9.2 10.0 -1 -1 0
18873 -9.2 10.0 -1 -1 0
18874 -9.2 10.0 -1 -1 0
18875 -9.2 10.0 -1 -1 0
18876 -9.2 10.0 -1 -1 0
18877 -9.2 10.0 -1 -1 0
18878 -9.2 10.0 -1 -1 0
18879 -9.2 10.0 -1 -1 0
18880 -9.2 10.0 -1 -1 0
18881 -9.2 10.0 -1 -1 0
18885 -9.2 10.0 -1 -1 0
18886 -9.2 10.0 -1 -1 0
18887 -9.2 10.0 -1 -1 0
18888 -9.2 10.0 -1 -1 0
18889 -9.2 10.0 -1 -1 0
18890 -9.2 10.0 -1 -1 0
18891 -9.2 10.0 -1 -1 0
18892 -9.2 10.0 -1 -1 0
18893 -9.2 10.0 -1 -1 0
18894 -9.2 10.0 -1 -1 0
18895 -9.2 10.0 -1 -1 0
18896 -9.2 10.0 -1 -1 0
18898 -9.2 10.0 -1 -1 0
18899 -9.2 10.0 -1 -1 0
18900 -9.2 10.0 -1 -1 0
18901 -9.2 10.0 -1 -1 0
18902 -9.2 10.0 -1 -1 0
18903 -9.2 10.0 -1 -1 0
18904 -9.2 10.0 -1 -1 0
18905 -9.2 10.0 -1 -1 0
18907 -9.2 10.0 -1 -1 1
18908 -9.2 10.0 -1 -1 1
18909 -9.2 10.0 -1 -1 1
18910 -9.2 10.0 -1 -1 1
18911 -9.2 10.0 -1 -1 0
18912 -9.2 10.0 -1 -1 0
18913 -9.2 10.0 -1 -1 0
18914 -9.2 10.0 -1 -1 0
18915 -9.2 10.0 -1 -1 0
18916 -9.2 10.0 -1 -1 0
18917 -9.2 10.0 -1 -1 0
18919 -9.2 10.0 -1 -1 0
18925 -9.2 10.0 -1 -1 0
18926 -9.2 10.0 -1 -1 0
18927 -9.2 10.0 -1 -1 0
18928 -9.2 10.0 -1 -1 0
18929 -9.2 10.0 -1 -1 0
18930 -9.2 10.0 -1 -1 0
18934 -9.2 10.0 -1 -1 0
18935 -9.2 10.0 -1 -1 0
18936 -9.2 10.0 -1 -1 0
18937 -9.2 10.0 -1 -1 0
18938 -9.2 10.0 -1 -1 0
18939 -9.2 10.0 -1 -1 0
18940 -9.2 10.0 -1 -1 1
18941 -9.2 10.0 -1 -1 1
18942 -9.2 10.0 -1 -1 1
18946 -9.2 10.0 -1 -1 0
18947 -9.2 10.0 -1 -1 0
18949 -9.2 10.0 -1 -1 0
18950 -9.2 10.0 -1 -1 0
18954 -9.2 10.0 -1 -1 0
18955 -9.2 10.0 -1 -1 0
18956 -9.2 10.0 -1 -1 0
18957 -9.2 10.0 -1 -1 0
18959 -9.2 10.0 -1 -1 0
18961 -9.2 10.0 -1 -1 0
18962 -9.2 10.0 -1 -1 0
18963 -9.2 10.0 -1 -1 0
18966 -9.2 10.0 -1 -1 0
18967 -9.2 10.0 -1 -1 0
18970 -9.2 10.0 -1 -1 1
18971 -9.2 10.0 -1 -1 1
18973 -9.2 10.0 -1 -1 1
18976 -9.2 10.0 -1 -1 1
18978 -9.2 10.0 -1 -1 0
18982 -9.2 10.0 -1 -1 0
18984 -9.2 10.0 -1 -1 0
18985 -9.2 10.0 -1 -1 0
18990 -9.2 10.0 -1 -1 0
19319 -9.2 10.0 -1 -1 0
19320 -9.2 10.0 -1 -1 0
19321 -9.2 10.0 -1 -1 0
19322 -9.2 10.0 -1 -1 0
19323 -9.2 10.0 -1 -1 0
19324 -9.2 10.0 -1 -1 0
19325 -9.2 10.0 -1 -1 0
19326 -9.2 10.0 -1 -1 0
19327 -9.2 10.0 -1 -1 0
19328 -9.2 10.0 -1 -1 0
19329 -9.2 10.0 -1 -1 0
19330 -9.2 10.0 -1 -1 0
19331 -9.2 10.0 -1 -1 0
19332 -9.2 10.0 -1 -1 0
19333 -9.2 10.0 -1 -1 0
19334 -9.2 10.0 -1 -1 0
19335 -9.2 10.0 -1 -1 0
19336 -9.2 10.0 -1 -1 0
19337 -9.2 10.0 -1 -1 0
19338 -9.2 10.0 -1 -1 0
19339 -9.2 10.0 -1 -1 0
19340 -9.2 10.0 -1 -1 0
19341 -9.2 10.0 -1 -1 0
19342 -9.2 10.0 -1 -1 0
19343 -9.2 10.0 -1 -1 0
19344 -9.2 10.0 -1 -1 0
19345 -9.2 10.0 -1 -1 0
19346 -9.2 10.0 -1 -1 0
19347 -9.2 10.0 -1 -1 0
19348 -9.2 10.0 -1 -1 0
19349 -9.2 10.0 -1 -1 0
19350 -9.2 10.0 -1 -1 0
19351 -9.2 10.0 -1 -1 0
19352 -9.2 10.0 -1 -1 0
19353 -9.2 10.0 -1 -1 0
19354 -9.2 10.0 -1 -1 0
19355 -9.2 10.0 -1 -1 0
19356 -9.2 10.0 -1 -1 3
19357 -9.2 10.0 -1 -1 3
19358 -9.2 10.0 -1 -1 3
19359 -9.2 10.0 -1 -1 3
19360 -9.2 10.0 -1 -1 3
19361 -9.2 10.0 -1 -1 3
19362 -9.2 10.0 -1 -1 3
19363 -9.2 10.0 -1 -1 3
19364 -9.2 10.0 -1 -1 3
19382 -9.2 10.0 -1 -1 1
19383 -9.2 10.0 -1 -1 0
19384 -9.2 10.0 -1 -1 0
19385 -9.2 10.0 -1 -1 0
19386 -9.2 10.0 -1 -1 0
19387 -9.2 10.0 -1 -1 0
19388 -9.2 10.0 -1 -1 0
19389 -9.2 10.0 -1 -1 0
19390 -9.2 10.0 -1 -1 0
19391 -9.2 10.0 -1 -1 0
19392 -9.2 10.0 -1 -1 0
19393 -9.2 10.0 -1 -1 0
19394 -9.2 10.0 -1 -1 0
19395 -9.2 10.0 -1 -1 0
19396 -9.2 10.0 -1 -1 0
19397 -9.2 10.0 -1 -1 0
19398 -9.2 10.0 -1 -1 0
19399 -9.2 10.0 -1 -1 0
19400 -9.2 10.0 -1 -1 0
19401 -9.2 10.0 -1 -1 0
19402 -9.2 10.0 -1 -1 0
19403 -9.2 10.0 -1 -1 0
19892 -9.2 10.0 -1 -1 3
19899 -9.2 10.0 -1 -1 2
19900 -9.2 10.0 -1 -1 2
19901 -9.2 10.0 -1 -1 2
19902 -9.2 10.0 -1 -1 2
19903 -9.2 10.0 -1 -1 2
19904 -9.2 10.0 -1 -1 2
19907 -9.2 10.0 -1 -1 3
19908 -9.2 10.0 -1 -1 3
19909 -9.2 10.0 -1 -1 3
19910 -9.2 10.0 -1 -1 3
19911 -9.2 10.0 -1 -1 3
19912 -9.2 10.0 -1 -1 3
19913 -9.2 10.0 -1 -1 3
19915 -9.2 10.0 -1 -1 2
19916 -9.2 10.0 -1 -1 2
19917 -9.2 10.0 -1 -1 2
19918 -9.2 10.0 -1 -1 2
19919 -9.2 10.0 -1 -1 2
19920 -9.2 10.0 -1 -1 2
19921 -9.2 10.0 -1 -1 2
19922 -9.2 10.0 -1 -1 2
19923 -9.2 10.0 -1 -1 2
19924 -9.2 10.0 -1 -1 2
19925 -9.2 10.0 -1 -1 2
19926 -9.2 10.0 -1 -1 2
19927 -9.2 10.0 -1 -1 2
19929 -9.2 10.0 -1 -1 3
19930 -9.2 10.0 -1 -1 3
19931 -9.2 10.0 -1 -1 3
19932 -9.2 10.0 -1 -1 2
19933 -9.2 10.0 -1 -1 2
19934 -9.2 10.0 -1 -1 2
19935 -9.2 10.0 -1 -1 2
19936 -9.2 10.0 -1 -1 2
19937 -9.2 10.0 -1 -1 2
19938 -9.2 10.0 -1 -1 2
19939 -9.2 10.0 -1 -1 2
19940 -9.2 10.0 -1 -1 2
19941 -9.2 10.0 -1 -1 2
19942 -9.2 10.0 -1 -1 3
19943 -9.2 10.0 -1 -1 3
19944 -9.2 10.0 -1 -1 3
19945 -9.2 10.0 -1 -1 3
19946 -9.2 10.0 -1 -1 1
19947 -9.2 10.0 -1 -1 1
19948 -9.2 10.0 -1 -1 1
19949 -9.2 10.0 -1 -1 1
19950 -9.2 10.0 -1 -1 1
19952 -9.2 10.0 -1 -1 1
19953 -9.2 10.0 -1 -1 2
19954 -9.2 10.0 -1 -1 2
19955 -9.2 10.0 -1 -1 1
19956 -9.2 10.0 -1 -1 1
19958 -9.2 10.0 -1 -1 2
19959 -9.2 10.0 -1 -1 1
19960 -9.2 10.0 -1 -1 1
19961 -9.2 10.0 -1 -1 1
19962 -9.2 10.0 -1 -1 1
19963 -9.2 10.0 -1 -1 2
19964 -9.2 10.0 -1 -1 2
19965 -9.2 10.0 -1 -1 3
19967 -9.2 10.0 -1 -1 3
19968 -9.2 10.0 -1 -1 2
19969 -9.2 10.0 -1 -1 2
19970 -9.2 10.0 -1 -1 2
19971 -9.2 10.0 -1 -1 3
19972 -9.2 10.0 -1 -1 3
19979 -9.2 10.0 -1 -1 0
19980 -9.2 10.0 -1 -1 0
19981 -9.2 10.0 -1 -1 0
19982 -9.2 10.0 -1 -1 0
19983 -9.2 10.0 -1 -1 0
19984 -9.2 10.0 -1 -1 0
19985 -9.2 10.0 -1 -1 0
19986 -9.2 10.0 -1 -1 0
19987 -9.2 10.0 -1 -1 0
19989 -9.2 10.0 -1 -1 0
19990 -9.2 10.0 -1 -1 0
19991 -9.2 10.0 -1 -1 0
19992 -9.2 10.0 -1 -1 0
19993 -9.2 10.0 -1 -1 0
19994 -9.2 10.0 -1 -1 0
19995 -9.2 10.0 -1 -1 0
19996 -9.2 10.0 -1 -1 0
19997 -9.2 10.0 -1 -1 0
19998 -9.2 10.0 -1 -1 0
19999 -9.2 10.0 -1 -1 0
20000 -9.2 10.0 -1 -1 0
20001 -9.2 10.0 -1 -1 0
20002 -9.2 10.0 -1 -1 0
20003 -9.2 10.0 -1 -1 0
20004 -9.2 10.0 -1 -1 0
20005 -9.2 10.0 -1 -1 0
20006 -9.2 10.0 -1 -1 0
20007 -9.2 10.0 -1 -1 0
20008 -9.2 10.0 -1 -1 0
20009 -9.2 10.0 -1 -1 0
20010 -9.2 10.0 -1 -1 0
20011 -9.2 10.0 -1 -1 0
20012 -9.2 10.0 -1 -1 0
20013 -9.2 10.0 -1 -1 0
20014 -9.2 10.0 -1 -1 0
20015 -9.2 10.0 -1 -1 0
20016 -9.2 10.0 -1 -1 0
20017 -9.2 10.0 -1 -1 0
20018 -9.2 10.0 -1 -1 0
20019 -9.2 10.0 -1 -1 0
20020 -9.2 10.0 -1 -1 0
20021 -9.2 10.0 -1 -1 0
20022 -9.2 10.0 -1 -1 0
20023 -9.2 10.0 -1 -1 0
20024 -9.2 10.0 -1 -1 0
20025 -9.2 10.0 -1 -1 0
20026 -9.2 10.0 -1 -1 0
20027 -9.2 10.0 -1 -1 0
20028 -9.2 10.0 -1 -1 0
20029 -9.2 10.0 -1 -1 0
20030 -9.2 10.0 -1 -1 0
20031 -9.2 10.0 -1 -1 0
20032 -9.2 10.0 -1 -1 0
20033 -9.2 10.0 -1 -1 0
20034 -9.2 10.0 -1 -1 0
20035 -9.2 10.0 -1 -1 0
20037 -9.2 10.0 -1 -1 0
20038 -9.2 10.0 -1 -1 0
20039 -9.2 10.0 -1 -1 0
20040 -9.2 10.0 -1 -1 0
20041 -9.2 10.0 -1 -1 0
20042 -9.2 10.0 -1 -1 0
20043 -9.2 10.0 -1 -1 0
20044 -9.2 10.0 -1 -1 0
20045 -9.2 10.0 -1 -1 0
20046 -9.2 10.0 -1 -1 0
20047 -9.2 10.0 -1 -1 0
20048 -9.2 10.0 -1 -1 0
20049 -9.2 10.0 -1 -1 0
20050 -9.2 10.0 -1 -1 0
20051 -9.2 10.0 -1 -1 0
20052 -9.2 10.0 -1 -1 0
20053 -9.2 10.0 -1 -1 0
20054 -9.2 10.0 -1 -1 0
20055 -9.2 10.0 -1 -1 0
20056 -9.2 10.0 -1 -1 0
20057 -9.2 10.0 -1 -1 0
20058 -9.2 10.0 -1 -1 0
20059 -9.2 10.0 -1 -1 0
20060 -9.2 10.0 -1 -1 0
20061 -9.2 10.0 -1 -1 0
20062 -9.2 10.0 -1 -1 0
20063 -9.2 10.0 -1 -1 0
20064 -9.2 10.0 -1 -1 0
20065 -9.2 10.0 -1 -1 0
20066 -9.2 10.0 -1 -1 0
20067 -9.2 10.0 -1 -1 0
20068 -9.2 10.0 -1 -1 0
20069 -9.2 10.0 -1 -1 0
20072 -9.2 10.0 -1 -1 0
20073 -9.2 10.0 -1 -1 0
20074 -9.2 10.0 -1 -1 0
20075 -9.2 10.0 -1 -1 0
20076 -9.2 10.0 -1 -1 0
20077 -9.2 10.0 -1 -1 0
20078 -9.2 10.0 -1 -1 0
20079 -9.2 10.0 -1 -1 0
20080 -9.2 10.0 -1 -1 0
20081 -9.2 10.0 -1 -1 0
20082 -9.2 10.0 -1 -1 0
20083 -9.2 10.0 -1 -1 0
20084 -9.2 10.0 -1 -1 0
20085 -9.2 10.0 -1 -1 0
20086 -9.2 10.0 -1 -1 0
20087 -9.2 10.0 -1 -1 0
20088 -9.2 10.0 -1 -1 0
20089 -9.2 10.0 -1 -1 0
20090 -9.2 10.0 -1 -1 0
20091 -9.2 10.0 -1 -1 0
20092 -9.2 10.0 -1 -1 0
20093 -9.2 10.0 -1 -1 0
20094 -9.2 10.0 -1 -1 0
20095 -9.2 10.0 -1 -1 0
20096 -9.2 10.0 -1 -1 0
20097 -9.2 10.0 -1 -1 0
20098 -9.2 10.0 -1 -1 0
20099 -9.2 10.0 -1 -1 0
20100 -9.2 10.0 -1 -1 0
20101 -9.2 10.0 -1 -1 0
20102 -9.2 10.0 -1 -1 0
20104 -9.2 10.0 -1 -1 0
20105 -9.2 10.0 -1 -1 0
20106 -9.2 10.0 -1 -1 0
20107 -9.2 10.0 -1 -1 0
20108 -9.2 10.0 -1 -1 0
20109 -9.2 10.0 -1 -1 0
20110 -9.2 10.0 -1 -1 0
20111 -9.2 10.0 -1 -1 0
20112 -9.2 10.0 -1 -1 0
20113 -9.2 10.0 -1 -1 0
20114 -9.2 10.0 -1 -1 0
20115 -9.2 10.0 -1 -1 0
20116 -9.2 10.0 -1 -1 0
20117 -9.2 10.0 -1 -1 0
20118 -9.2 10.0 -1 -1 0
20119 -9.2 10.0 -1 -1 0
20120 -9.2 10.0 -1 -1 0
20123 -9.2 10.0 -1 -1 0
20124 -9.2 10.0 -1 -1 0
20125 -9.2 10.0 -1 -1 0
20126 -9.2 10.0 -1 -1 0
20127 -9.2 10.0 -1 -1 0
20128 -9.2 10.0 -1 -1 0
20130 -9.2 10.0 -1 -1 0
20131 -9.2 10.0 -1 -1 0
20132 -9.2 10.0 -1 -1 0
20133 -9.2 10.0 -1 -1 0
20134 -9.2 10.0 -1 -1 0
20135 -9.2 10.0 -1 -1 0
20136 -9.2 10.0 -1 -1 0
20137 -9.2 10.0 -1 -1 0
20138 -9.2 10.0 -1 -1 0
20139 -9.2 10.0 -1 -1 0
20140 -9.2 10.0 -1 -1 0
20142 -9.2 10.0 -1 -1 0
20143 -9.2 10.0 -1 -1 0
20144 -9.2 10.0 -1 -1 0
20145 -9.2 10.0 -1 -1 0
20146 -9.2 10.0 -1 -1 0
20147 -9.2 10.0 -1 -1 0
20148 -9.2 10.0 -1 -1 0
20149 -9.2 10.0 -1 -1 0
20150 -9.2 10.0 -1 -1 0
20151 -9.2 10.0 -1 -1 0
20152 -9.2 10.0 -1 -1 0
20153 -9.2 10.0 -1 -1 0
20154 -9.2 10.0 -1 -1 0
20155 -9.2 10.0 -1 -1 0
20156 -9.2 10.0 -1 -1 0
20158 -9.2 10.0 -1 -1 0
20159 -9.2 10.0 -1 -1 0
20160 -9.2 10.0 -1 -1 0
20161 -9.2 10.0 -1 -1 0
20164 -9.2 10.0 -1 -1 0
20165 -9.2 10.0 -1 -1 0
20166 -9.2 10.0 -1 -1 0
20167 -9.2 10.0 -1 -1 0
20168 -9.2 10.0 -1 -1 0
20169 -9.2 10.0 -1 -1 0
20170 -9.2 10.0 -1 -1 0
20171 -9.2 10.0 -1 -1 0
20172 -9.2 10.0 -1 -1 0
20173 -9.2 10.0 -1 -1 0
20174 -9.2 10.0 -1 -1 0
20175 -9.2 10.0 -1 -1 0
20176 -9.2 10.0 -1 -1 0
20177 -9.2 10.0 -1 -1 0
20178 -9.2 10.0 -1 -1 0
20179 -9.2 10.0 -1 -1 0
20180 -9.2 10.0 -1 -1 0
20182 -9.2 10.0 -1 -1 0
20183 -9.2 10.0 -1 -1 0
20184 -9.2 10.0 -1 -1 0
20185 -9.2 10.0 -1 -1 0
20186 -9.2 10.0 -1 -1 0
20187 -9.2 10.0 -1 -1 0
20188 -9.2 10.0 -1 -1 0
20189 -9.2 10.0 -1 -1 0
20190 -9.2 10.0 -1 -1 0
20191 -9.2 10.0 -1 -1 0
20192 -9.2 10.0 -1 -1 0
20193 -9.2 10.0 -1 -1 0
20194 -9.2 10.0 -1 -1 0
20195 -9.2 10.0 -1 -1 0
20196 -9.2 10.0 -1 -1 0
20197 -9.2 10.0 -1 -1 0
20198 -9.2 10.0 -1 -1 0
20199 -9.2 10.0 -1 -1 0
20200 -9.2 10.0 -1 -1 0
20201 -9.2 10.0 -1 -1 0
20203 -9.2 10.0 -1 -1 0
20204 -9.2 10.0 -1 -1 0
20205 -9.2 10.0 -1 -1 0
20206 -9.2 10.0 -1 -1 0
20207 -9.2 10.0 -1 -1 0
20208 -9.2 10.0 -1 -1 0
20209 -9.2 10.0 -1 -1 0
20210 -9.2 10.0 -1 -1 0
20211 -9.2 10.0 -1 -1 0
20212 -9.2 10.0 -1 -1 0
20213 -9.2 10.0 -1 -1 0
20214 -9.2 10.0 -1 -1 0
20215 -9.2 10.0 -1 -1 0
20216 -9.2 10.0 -1 -1 0
20217 -9.2 10.0 -1 -1 0
20218 -9.2 10.0 -1 -1 0
20219 -9.2 10.0 -1 -1 0
20220 -9.2 10.0 -1 -1 0
20221 -9.2 10.0 -1 -1 0
20222 -9.2 10.0 -1 -1 0
20223 -9.2 10.0 -1 -1 0
20224 -9.2 10.0 -1 -1 0
20225 -9.2 10.0 -1 -1 0
20226 -9.2 10.0 -1 -1 0
20227 -9.2 10.0 -1 -1 0
20228 -9.2 10.0 -1 -1 0
20229 -9.2 10.0 -1 -1 0
20230 -9.2 10.0 -1 -1 0
20231 -9.2 10.0 -1 -1 0
20232 -9.2 10.0 -1 -1 0
20233 -9.2 10.0 -1 -1 0
20234 -9.2 10.0 -1 -1 0
20240 -9.2 10.0 -1 -1 0
20241 -9.2 10.0 -1 -1 0
20242 -9.2 10.0 -1 -1 0
20243 -9.2 10.0 -1 -1 0
20244 -9.2 10.0 -1 -1 0
20255 -9.2 10.0 -1 -1 0
20256 -9.2 10.0 -1 -1 0
20257 -9.2 10.0 -1 -1 0
20258 -9.2 10.0 -1 -1 0
20259 -9.2 10.0 -1 -1 0
20260 -9.2 10.0 -1 -1 0
20261 -9.2 10.0 -1 -1 0
20262 -9.2 10.0 -1 -1 0
20266 -9.2 10.0 -1 -1 0
20267 -9.2 10.0 -1 -1 0
20268 -9.2 10.0 -1 -1 0
20269 -9.2 10.0 -1 -1 0
20270 -9.2 10.0 -1 -1 0
20271 -9.2 10.0 -1 -1 0
20275 -9.2 10.0 -1 -1 0
20276 -9.2 10.0 -1 -1 0
20278 -9.2 10.0 -1 -1 0
20280 -9.2 10.0 -1 -1 0
20281 -9.2 10.0 -1 -1 0
20282 -9.2 10.0 -1 -1 0
20283 -9.2 10.0 -1 -1 0
20287 -9.2 10.0 -1 -1 0
20288 -9.2 10.0 -1 -1 0
20289 -9.2 10.0 -1 -1 0
20290 -9.2 10.0 -1 -1 0
20291 -9.2 10.0 -1 -1 0
20292 -9.2 10.0 -1 -1 0
20293 -9.2 10.0 -1 -1 0
20296 -9.2 10.0 -1 -1 0
20297 -9.2 10.0 -1 -1 0
20298 -9.2 10.0 -1 -1 0
20299 -9.2 10.0 -1 -1 0
20300 -9.2 10.0 -1 -1 0
20301 -9.2 10.0 -1 -1 0
20302 -9.2 10.0 -1 -1 0
20303 -9.2 10.0 -1 -1 0
20304 -9.2 10.0 -1 -1 0
20305 -9.2 10.0 -1 -1 0
20306 -9.2 10.0 -1 -1 0
20307 -9.2 10.0 -1 -1 0
20308 -9.2 10.0 -1 -1 0
20310 -9.2 10.0 -1 -1 0
20311 -9.2 10.0 -1 -1 0
20312 -9.2 10.0 -1 -1 0
20313 -9.2 10.0 -1 -1 0
20314 -9.2 10.0 -1 -1 0
20315 -9.2 10.0 -1 -1 0
20316 -9.2 10.0 -1 -1 0
20318 -9.2 10.0 -1 -1 0
20319 -9.2 10.0 -1 -1 0
20320 -9.2 10.0 -1 -1 0
20321 -9.2 10.0 -1 -1 0
20322 -9.2 10.0 -1 -1 0
20323 -9.2 10.0 -1 -1 0
20325 -9.2 10.0 -1 -1 0
20326 -9.2 10.0 -1 -1 0
20327 -9.2 10.0 -1 -1 0
20328 -9.2 10.0 -1 -1 0
20329 -9.2 10.0 -1 -1 0
20331 -9.2 10.0 -1 -1 0
20332 -9.2 10.0 -1 -1 0
20333 -9.2 10.0 -1 -1 0
20335 -9.2 10.0 -1 -1 0
20336 -9.2 10.0 -1 -1 0
20337 -9.2 10.0 -1 -1 0
20338 -9.2 10.0 -1 -1 0
20339 -9.2 10.0 -1 -1 0
20340 -9.2 10.0 -1 -1 0
20341 -9.2 10.0 -1 -1 0
20342 -9.2 10.0 -1 -1 0
20343 -9.2 10.0 -1 -1 0
20344 -9.2 10.0 -1 -1 0
20345 -9.2 10.0 -1 -1 0
20346 -9.2 10.0 -1 -1 0
20347 -9.2 10.0 -1 -1 0
20348 -9.2 10.0 -1 -1 0
20349 -9.2 10.0 -1 -1 0
20350 -9.2 10.0 -1 -1 0
20351 -9.2 10.0 -1 -1 0
20352 -9.2 10.0 -1 -1 0
20353 -9.2 10.0 -1 -1 0
20354 -9.2 10.0 -1 -1 0
20355 -9.2 10.0 -1 -1 0
20356 -9.2 10.0 -1 -1 0
20415 -9.2 10.0 -1 -1 0
20416 -9.2 10.0 -1 -1 0
20417 -9.2 10.0 -1 -1 0
20418 -9.2 10.0 -1 -1 0
20419 -9.2 10.0 -1 -1 0
20420 -9.2 10.0 -1 -1 0
20421 -9.2 10.0 -1 -1 0
20422 -9.2 10.0 -1 -1 0
20423 -9.2 10.0 -1 -1 0
20424 -9.2 10.0 -1 -1 0
20426 -9.2 10.0 -1 -1 0
20427 -9.2 10.0 -1 -1 0
20428 -9.2 10.0 -1 -1 0
20429 -9.2 10.0 -1 -1 0
20430 -9.2 10.0 -1 -1 0
20431 -9.2 10.0 -1 -1 0
20432 -9.2 10.0 -1 -1 0
20436 -9.2 10.0 -1 -1 0
20437 -9.2 10.0 -1 -1 0
20438 -9.2 10.0 -1 -1 0
20439 -9.2 10.0 -1 -1 0
20440 -9.2 10.0 -1 -1 0
20441 -9.2 10.0 -1 -1 0
20442 -9.2 10.0 -1 -1 0
20444 -9.2 10.0 -1 -1 0
20445 -9.2 10.0 -1 -1 0
20446 -9.2 10.0 -1 -1 0
20447 -9.2 10.0 -1 -1 0
20448 -9.2 10.0 -1 -1 0
20449 -9.2 10.0 -1 -1 0
20450 -9.2 10.0 -1 -1 0
20451 -9.2 10.0 -1 -1 0
20453 -9.2 10.0 -1 -1 0
20454 -9.2 10.0 -1 -1 0
20455 -9.2 10.0 -1 -1 0
20456 -9.2 10.0 -1 -1 0
20457 -9.2 10.0 -1 -1 0
20458 -9.2 10.0 -1 -1 0
20459 -9.2 10.0 -1 -1 0
20460 -9.2 10.0 -1 -1 0
20461 -9.2 10.0 -1 -1 0
20462 -9.2 10.0 -1 -1 0
20463 -9.2 10.0 -1 -1 0
20464 -9.2 10.0 -1 -1 0
20465 -9.2 10.0 -1 -1 0
20466 -9.2 10.0 -1 -1 0
20467 -9.2 10.0 -1 -1 0
20468 -9.2 10.0 -1 -1 0
20469 -9.2 10.0 -1 -1 0
20470 -9.2 10.0 -1 -1 0
20471 -9.2 10.0 -1 -1 0
20472 -9.2 10.0 -1 -1 0
20473 -9.2 10.0 -1 -1 0
20474 -9.2 10.0 -1 -1 0
20476 -9.2 10.0 -1 -1 0
20477 -9.2 10.0 -1 -1 0
20478 -9.2 10.0 -1 -1 0
20479 -9.2 10.0 -1 -1 0
20480 -9.2 10.0 -1 -1 0
20481 -9.2 10.0 -1 -1 0
20482 -9.2 10.0 -1 -1 0
20483 -9.2 10.0 -1 -1 0
20484 -9.2 10.0 -1 -1 0
20485 -9.2 10.0 -1 -1 0
20487 -9.2 10.0 -1 -1 0
20488 -9.2 10.0 -1 -1 0
20489 -9.2 10.0 -1 -1 0
20490 -9.2 10.0 -1 -1 0
20491 -9.2 10.0 -1 -1 0
20492 -9.2 10.0 -1 -1 0
20493 -9.2 10.0 -1 -1 0
20494 -9.2 10.0 -1 -1 0
20495 -9.2 10.0 -1 -1 0
20496 -9.2 10.0 -1 -1 0
20497 -9.2 10.0 -1 -1 0
20498 -9.2 10.0 -1 -1 0
20499 -9.2 10.0 -1 -1 0
20500 -9.2 10.0 -1 -1 0
20501 -9.2 10.0 -1 -1 0
20507 -9.2 10.0 -1 -1 0
20508 -9.2 10.0 -1 -1 0
20509 -9.2 10.0 -1 -1 0
20510 -9.2 10.0 -1 -1 0
20511 -9.2 10.0 -1 -1 0
20512 -9.2 10.0 -1 -1 0

Momentum = 9.2, Angle = 10.00, 3/4
18183 9.2 10.0 6 -1 -1
18184 9.2 10.0 6 -1 -1
18185 9.2 10.0 5 -1 -1
18187 9.2 10.0 3 -1 -1
18188 9.2 10.0 4 -1 -1
18192 9.2 10.0 1 -1 -1
18193 9.2 10.0 1 -1 -1
18277 9.2 10.0 0 -1 -1
18279 9.2 10.0 6 -1 -1
18284 9.2 10.0 5 -1 -1
18288 9.2 10.0 2 -1 -1
18290 9.2 10.0 5 -1 -1
18291 9.2 10.0 5 -1 -1
18299 9.2 10.0 3 -1 -1
18300 9.2 10.0 3 -1 -1
18302 9.2 10.0 3 -1 -1
18306 9.2 10.0 4 -1 -1
18308 9.2 10.0 4 -1 -1
18309 9.2 10.0 4 -1 -1
18310 9.2 10.0 5 -1 -1
18314 9.2 10.0 5 -1 -1
18315 9.2 10.0 5 -1 -1
18322 9.2 10.0 1 -1 -1
18323 9.2 10.0 4 -1 -1
18328 9.2 10.0 3 -1 -1
18329 9.2 10.0 3 -1 -1
18332 9.2 10.0 4 -1 -1
18333 9.2 10.0 3 -1 -1
18336 9.2 10.0 4 -1 -1
18338 9.2 10.0 5 -1 -1

Momentum = 9.2, Angle = 10.00, 4/4
18186 9.2 10.0 -1 -1 0
18189 9.2 10.0 -1 -1 0
18190 9.2 10.0 -1 -1 0
18194 9.2 10.0 -1 -1 0
18195 9.2 10.0 -1 -1 0
18196 9.2 10.0 -1 -1 0
18276 9.2 10.0 -1 -1 0
18280 9.2 10.0 -1 -1 0
18281 9.2 10.0 -1 -1 0
18282 9.2 10.0 -1 -1 0
18285 9.2 10.0 -1 -1 0
18286 9.2 10.0 -1 -1 0
18289 9.2 10.0 -1 -1 0
18292 9.2 10.0 -1 -1 0
18293 9.2 10.0 -1 -1 0
18298 9.2 10.0 -1 -1 0
18303 9.2 10.0 -1 -1 0
18304 9.2 10.0 -1 -1 0
18307 9.2 10.0 -1 -1 0
18311 9.2 10.0 -1 -1 0
18312 9.2 10.0 -1 -1 0
18313 9.2 10.0 -1 -1 0
18316 9.2 10.0 -1 -1 0
18317 9.2 10.0 -1 -1 0
18320 9.2 10.0 -1 -1 0
18321 9.2 10.0 -1 -1 0
18324 9.2 10.0 -1 -1 0
18326 9.2 10.0 -1 -1 0
18327 9.2 10.0 -1 -1 0
18330 9.2 10.0 -1 -1 0
18331 9.2 10.0 -1 -1 0
18334 9.2 10.0 -1 -1 0
18335 9.2 10.0 -1 -1 0
18340 9.2 10.0 -1 -1 0

Momentum = -4.0, Angle = 20.00, 3/4
17242 -4.0 20.0 3 -1 -1


Momentum = -4.0, Angle = 20.00, ELREAL
17232 -4.0 20.0 -1 1 -1
17239 -4.0 20.0 -1 1 -1
18451 -4.0 20.0 -1 0 -1
18452 -4.0 20.0 -1 0 -1
18453 -4.0 20.0 -1 1 -1
18454 -4.0 20.0 -1 1 -1
18455 -4.0 20.0 -1 1 -1
18459 -4.0 20.0 -1 1 -1
18460 -4.0 20.0 -1 1 -1
18462 -4.0 20.0 -1 1 -1
18463 -4.0 20.0 -1 2 -1
18464 -4.0 20.0 -1 2 -1
18465 -4.0 20.0 -1 2 -1
18467 -4.0 20.0 -1 2 -1
18468 -4.0 20.0 -1 2 -1
18469 -4.0 20.0 -1 2 -1
18472 -4.0 20.0 -1 2 -1
18473 -4.0 20.0 -1 0 -1
18474 -4.0 20.0 -1 0 -1
18475 -4.0 20.0 -1 0 -1
18476 -4.0 20.0 -1 0 -1
18477 -4.0 20.0 -1 0 -1
18478 -4.0 20.0 -1 0 -1
18479 -4.0 20.0 -1 0 -1
18480 -4.0 20.0 -1 0 -1
18481 -4.0 20.0 -1 0 -1
18482 -4.0 20.0 -1 0 -1
18483 -4.0 20.0 -1 0 -1
18484 -4.0 20.0 -1 0 -1
18485 -4.0 20.0 -1 0 -1
18486 -4.0 20.0 -1 0 -1
18487 -4.0 20.0 -1 0 -1
18488 -4.0 20.0 -1 0 -1
18489 -4.0 20.0 -1 0 -1
18490 -4.0 20.0 -1 0 -1
18491 -4.0 20.0 -1 0 -1
19032 -4.0 20.0 -1 1 -1
19033 -4.0 20.0 -1 2 -1
19034 -4.0 20.0 -1 2 -1
19035 -4.0 20.0 -1 1 -1
19036 -4.0 20.0 -1 1 -1
19037 -4.0 20.0 -1 0 -1
19038 -4.0 20.0 -1 0 -1
19039 -4.0 20.0 -1 0 -1
19040 -4.0 20.0 -1 0 -1
19041 -4.0 20.0 -1 0 -1
19042 -4.0 20.0 -1 0 -1
19043 -4.0 20.0 -1 0 -1
19044 -4.0 20.0 -1 0 -1
19045 -4.0 20.0 -1 0 -1
19046 -4.0 20.0 -1 0 -1
19047 -4.0 20.0 -1 0 -1
19048 -4.0 20.0 -1 2 -1
19049 -4.0 20.0 -1 2 -1
19050 -4.0 20.0 -1 1 -1
19052 -4.0 20.0 -1 0 -1
19053 -4.0 20.0 -1 0 -1
19054 -4.0 20.0 -1 0 -1
19056 -4.0 20.0 -1 0 -1
19057 -4.0 20.0 -1 1 -1
19058 -4.0 20.0 -1 1 -1
19059 -4.0 20.0 -1 0 -1
19060 -4.0 20.0 -1 0 -1
19061 -4.0 20.0 -1 0 -1
19062 -4.0 20.0 -1 0 -1
19063 -4.0 20.0 -1 0 -1
19648 -4.0 20.0 -1 0 -1
19649 -4.0 20.0 -1 0 -1
19650 -4.0 20.0 -1 0 -1
19651 -4.0 20.0 -1 0 -1
19652 -4.0 20.0 -1 0 -1
19653 -4.0 20.0 -1 0 -1
19654 -4.0 20.0 -1 0 -1
19656 -4.0 20.0 -1 1 -1
19657 -4.0 20.0 -1 1 -1
19658 -4.0 20.0 -1 0 -1
19659 -4.0 20.0 -1 0 -1
19661 -4.0 20.0 -1 0 -1
19662 -4.0 20.0 -1 0 -1
19663 -4.0 20.0 -1 1 -1
19664 -4.0 20.0 -1 1 -1
19666 -4.0 20.0 -1 0 -1
19667 -4.0 20.0 -1 0 -1
19668 -4.0 20.0 -1 0 -1
19669 -4.0 20.0 -1 0 -1
19670 -4.0 20.0 -1 0 -1
19671 -4.0 20.0 -1 0 -1
19672 -4.0 20.0 -1 0 -1
19673 -4.0 20.0 -1 0 -1
19674 -4.0 20.0 -1 0 -1
19675 -4.0 20.0 -1 0 -1
19676 -4.0 20.0 -1 0 -1
19677 -4.0 20.0 -1 0 -1
19678 -4.0 20.0 -1 0 -1
19680 -4.0 20.0 -1 0 -1
19681 -4.0 20.0 -1 0 -1
19682 -4.0 20.0 -1 0 -1
19683 -4.0 20.0 -1 0 -1
19684 -4.0 20.0 -1 0 -1
19686 -4.0 20.0 -1 0 -1
19687 -4.0 20.0 -1 0 -1
19688 -4.0 20.0 -1 0 -1

Momentum = -9.2, Angle = 12.00, 4/4
19366 -9.2 12.0 -1 -1 0
19367 -9.2 12.0 -1 -1 0
19368 -9.2 12.0 -1 -1 0
19369 -9.2 12.0 -1 -1 0
19370 -9.2 12.0 -1 -1 0
19371 -9.2 12.0 -1 -1 0
19372 -9.2 12.0 -1 -1 0
19373 -9.2 12.0 -1 -1 0
19374 -9.2 12.0 -1 -1 0
19375 -9.2 12.0 -1 -1 0
19376 -9.2 12.0 -1 -1 0
19377 -9.2 12.0 -1 -1 0
19378 -9.2 12.0 -1 -1 0
19381 -9.2 12.0 -1 -1 0

Momentum = -9.2, Angle = 11.00, 4/4
19278 -9.2 11.0 -1 -1 0
19279 -9.2 11.0 -1 -1 0
19280 -9.2 11.0 -1 -1 0
19281 -9.2 11.0 -1 -1 0
19282 -9.2 11.0 -1 -1 0
19283 -9.2 11.0 -1 -1 0
19284 -9.2 11.0 -1 -1 0
19285 -9.2 11.0 -1 -1 0
19286 -9.2 11.0 -1 -1 0
19287 -9.2 11.0 -1 -1 0
19288 -9.2 11.0 -1 -1 0
19289 -9.2 11.0 -1 -1 0
19290 -9.2 11.0 -1 -1 0
19291 -9.2 11.0 -1 -1 0
19292 -9.2 11.0 -1 -1 0
19293 -9.2 11.0 -1 -1 0
19297 -9.2 11.0 -1 -1 0
19298 -9.2 11.0 -1 -1 0
19299 -9.2 11.0 -1 -1 0
19300 -9.2 11.0 -1 -1 0
19301 -9.2 11.0 -1 -1 0
19302 -9.2 11.0 -1 -1 0
19303 -9.2 11.0 -1 -1 0
19304 -9.2 11.0 -1 -1 0
19305 -9.2 11.0 -1 -1 0
19306 -9.2 11.0 -1 -1 0
19307 -9.2 11.0 -1 -1 0
19308 -9.2 11.0 -1 -1 0
19309 -9.2 11.0 -1 -1 0
19310 -9.2 11.0 -1 -1 0
19311 -9.2 11.0 -1 -1 0
19312 -9.2 11.0 -1 -1 0
19313 -9.2 11.0 -1 -1 0
19314 -9.2 11.0 -1 -1 0
19315 -9.2 11.0 -1 -1 0
19316 -9.2 11.0 -1 -1 0
19317 -9.2 11.0 -1 -1 0
19318 -9.2 11.0 -1 -1 0

Momentum = -3.57, Angle = 35.00, ELREAL
19209 -3.57 35.0 -1 0 -1
19210 -3.57 35.0 -1 0 -1
19211 -3.57 35.0 -1 0 -1
19212 -3.57 35.0 -1 0 -1
19213 -3.57 35.0 -1 0 -1
19214 -3.57 35.0 -1 0 -1
19215 -3.57 35.0 -1 0 -1
19216 -3.57 35.0 -1 0 -1
19217 -3.57 35.0 -1 0 -1
19218 -3.57 35.0 -1 0 -1
19219 -3.57 35.0 -1 0 -1
19220 -3.57 35.0 -1 0 -1
19221 -3.57 35.0 -1 0 -1
19222 -3.57 35.0 -1 0 -1
19223 -3.57 35.0 -1 0 -1
19224 -3.57 35.0 -1 0 -1
19225 -3.57 35.0 -1 0 -1
19226 -3.57 35.0 -1 0 -1
19227 -3.57 35.0 -1 0 -1
19228 -3.57 35.0 -1 0 -1
19229 -3.57 35.0 -1 0 -1
19230 -3.57 35.0 -1 0 -1
19231 -3.57 35.0 -1 0 -1
19232 -3.57 35.0 -1 0 -1
19233 -3.57 35.0 -1 0 -1
19234 -3.57 35.0 -1 0 -1
19235 -3.57 35.0 -1 0 -1
19236 -3.57 35.0 -1 0 -1
19237 -3.57 35.0 -1 0 -1
19238 -3.57 35.0 -1 0 -1
19239 -3.57 35.0 -1 0 -1
19240 -3.57 35.0 -1 0 -1
19241 -3.57 35.0 -1 0 -1
19242 -3.57 35.0 -1 0 -1
19243 -3.57 35.0 -1 0 -1
19244 -3.57 35.0 -1 0 -1
19245 -3.57 35.0 -1 0 -1
19246 -3.57 35.0 -1 0 -1
19247 -3.57 35.0 -1 0 -1
19248 -3.57 35.0 -1 0 -1
19249 -3.57 35.0 -1 0 -1
19251 -3.57 35.0 -1 0 -1
19252 -3.57 35.0 -1 0 -1
19253 -3.57 35.0 -1 0 -1
19254 -3.57 35.0 -1 0 -1
19255 -3.57 35.0 -1 0 -1
19256 -3.57 35.0 -1 0 -1

Momentum = 1.95, Angle = 26.00, 3/4
17469 1.95 26.0 8 -1 -1
17470 1.95 26.0 7 -1 -1
17473 1.95 26.0 7 -1 -1
17474 1.95 26.0 8 -1 -1
17477 1.95 26.0 9 -1 -1

Momentum = 1.95, Angle = 26.00, 4/4
17468 1.95 26.0 -1 -1 0
17471 1.95 26.0 -1 -1 0
17472 1.95 26.0 -1 -1 0
17475 1.95 26.0 -1 -1 0
17476 1.95 26.0 -1 -1 0

Momentum = 2.21, Angle = 26.00, 3/4
17464 2.21 26.0 7 -1 -1
17465 2.21 26.0 8 -1 -1

Momentum = 2.21, Angle = 26.00, 4/4
17463 2.21 26.0 -1 -1 0
17467 2.21 26.0 -1 -1 0

Momentum = 2.52, Angle = 26.00, 3/4
17453 2.52 26.0 6 -1 -1
17454 2.52 26.0 6 -1 -1
17458 2.52 26.0 5 -1 -1
17459 2.52 26.0 7 -1 -1
17462 2.52 26.0 6 -1 -1

Momentum = 2.52, Angle = 26.00, 4/4
17452 2.52 26.0 -1 -1 0
17455 2.52 26.0 -1 -1 0
17456 2.52 26.0 -1 -1 0
17457 2.52 26.0 -1 -1 0
17460 2.52 26.0 -1 -1 0
17461 2.52 26.0 -1 -1 0

Momentum = 2.86, Angle = 26.00, 3/4
17448 2.86 26.0 6 -1 -1
17449 2.86 26.0 6 -1 -1
17450 2.86 26.0 4 -1 -1

Momentum = 2.86, Angle = 26.00, 4/4
17436 2.86 26.0 -1 -1 0
17447 2.86 26.0 -1 -1 0
17451 2.86 26.0 -1 -1 0

Momentum = -1.95, Angle = 26.00, 3/4
17313 -1.95 26.0 7 -1 -1
17314 -1.95 26.0 6 -1 -1
17315 -1.95 26.0 4 -1 -1
17317 -1.95 26.0 6 -1 -1
17318 -1.95 26.0 5 -1 -1
17425 -1.95 26.0 0 -1 -1
17426 -1.95 26.0 4 -1 -1
17427 -1.95 26.0 5 -1 -1
17428 -1.95 26.0 5 -1 -1

Momentum = -1.95, Angle = 26.00, ELREAL
17319 -1.95 26.0 -1 1 -1
17320 -1.95 26.0 -1 1 -1
17321 -1.95 26.0 -1 0 -1
17322 -1.95 26.0 -1 0 -1
17323 -1.95 26.0 -1 0 -1
17324 -1.95 26.0 -1 2 -1
17325 -1.95 26.0 -1 0 -1
17424 -1.95 26.0 -1 0 -1
17430 -1.95 26.0 -1 1 -1
17431 -1.95 26.0 -1 0 -1
17432 -1.95 26.0 -1 1 -1
17433 -1.95 26.0 -1 0 -1

Momentum = -2.52, Angle = 26.00, 3/4
17421 -2.52 26.0 4 -1 -1
17422 -2.52 26.0 3 -1 -1

Momentum = -2.52, Angle = 26.00, ELREAL
17416 -2.52 26.0 -1 1 -1
17417 -2.52 26.0 -1 0 -1
17419 -2.52 26.0 -1 0 -1
17420 -2.52 26.0 -1 0 -1
17423 -2.52 26.0 -1 0 -1

Momentum = -3.25, Angle = 26.00, 3/4
17400 -3.25 26.0 3 -1 -1
17405 -3.25 26.0 1 -1 -1

Momentum = -3.25, Angle = 26.00, ELREAL
17391 -3.25 26.0 -1 0 -1
17392 -3.25 26.0 -1 0 -1
17393 -3.25 26.0 -1 0 -1
17394 -3.25 26.0 -1 0 -1
17395 -3.25 26.0 -1 0 -1
17406 -3.25 26.0 -1 0 -1

Momentum = -3.69, Angle = 26.00, 3/4
17383 -3.69 26.0 0 -1 -1
17384 -3.69 26.0 0 -1 -1

Momentum = -3.69, Angle = 26.00, ELREAL
17382 -3.69 26.0 -1 0 -1
17385 -3.69 26.0 -1 0 -1
17386 -3.69 26.0 -1 0 -1
17387 -3.69 26.0 -1 0 -1
17388 -3.69 26.0 -1 0 -1
17389 -3.69 26.0 -1 0 -1
17390 -3.69 26.0 -1 0 -1

Momentum = -4.19, Angle = 26.00, 3/4
17376 -4.19 26.0 1 -1 -1
17377 -4.19 26.0 0 -1 -1

Momentum = -4.19, Angle = 26.00, ELREAL
17367 -4.19 26.0 -1 0 -1
17368 -4.19 26.0 -1 0 -1
17369 -4.19 26.0 -1 0 -1
17370 -4.19 26.0 -1 0 -1
17371 -4.19 26.0 -1 0 -1
17372 -4.19 26.0 -1 0 -1
17373 -4.19 26.0 -1 0 -1
17374 -4.19 26.0 -1 0 -1
17375 -4.19 26.0 -1 0 -1
17378 -4.19 26.0 -1 0 -1
17379 -4.19 26.0 -1 0 -1
17380 -4.19 26.0 -1 0 -1
17381 -4.19 26.0 -1 0 -1

Momentum = -5.42, Angle = 26.00, 3/4
17337 -5.42 26.0 0 -1 -1
17344 -5.42 26.0 0 -1 -1
17345 -5.42 26.0 0 -1 -1

Momentum = -5.42, Angle = 26.00, ELREAL
17326 -5.42 26.0 -1 0 -1
17327 -5.42 26.0 -1 0 -1
17329 -5.42 26.0 -1 0 -1
17330 -5.42 26.0 -1 0 -1
17331 -5.42 26.0 -1 0 -1
17332 -5.42 26.0 -1 0 -1
17334 -5.42 26.0 -1 0 -1
17335 -5.42 26.0 -1 0 -1
17336 -5.42 26.0 -1 0 -1
17338 -5.42 26.0 -1 0 -1
17339 -5.42 26.0 -1 0 -1
17340 -5.42 26.0 -1 0 -1
17341 -5.42 26.0 -1 0 -1
17342 -5.42 26.0 -1 0 -1
17343 -5.42 26.0 -1 0 -1
17346 -5.42 26.0 -1 0 -1
17347 -5.42 26.0 -1 0 -1
17349 -5.42 26.0 -1 0 -1

Momentum = -1.24, Angle = 35.00, 3/4
17252 -1.24 35.0 6 -1 -1
17253 -1.24 35.0 6 -1 -1
17254 -1.24 35.0 6 -1 -1

Momentum = -2.50, Angle = 35.00, 3/4
17249 -2.5 35.0 0 -1 -1

Momentum = -2.50, Angle = 35.00, ELREAL
17246 -2.5 35.0 -1 0 -1
17247 -2.5 35.0 -1 0 -1
17248 -2.5 35.0 -1 0 -1

Momentum = -3.50, Angle = 25.00, 3/4
17245 -3.5 25.0 1 -1 -1

Momentum = -3.50, Angle = 25.00, ELREAL
17243 -3.5 25.0 -1 0 -1
17244 -3.5 25.0 -1 0 -1

Momentum = -4.767, Angle = 26.00, 3/4
17354 -4.767 26.0 0 -1 -1
17355 -4.767 26.0 0 -1 -1

Momentum = -4.767, Angle = 26.00, ELREAL
17350 -4.767 26.0 -1 0 -1
17351 -4.767 26.0 -1 0 -1
17352 -4.767 26.0 -1 0 -1
17353 -4.767 26.0 -1 0 -1
17356 -4.767 26.0 -1 0 -1
17357 -4.767 26.0 -1 0 -1
17358 -4.767 26.0 -1 0 -1
17359 -4.767 26.0 -1 0 -1
17360 -4.767 26.0 -1 0 -1
17362 -4.767 26.0 -1 0 -1
17363 -4.767 26.0 -1 0 -1
17364 -4.767 26.0 -1 0 -1
17365 -4.767 26.0 -1 0 -1
17366 -4.767 26.0 -1 0 -1

Momentum = -9.24, Angle = 8.00, 3/4
17259 -9.24 8.0 8 -1 -1
17263 -9.24 8.0 0 -1 -1
17268 -9.24 8.0 8 -1 -1
17269 -9.24 8.0 8 -1 -1
17270 -9.24 8.0 7 -1 -1
17271 -9.24 8.0 6 -1 -1
17279 -9.24 8.0 6 -1 -1
17288 -9.24 8.0 6 -1 -1
17289 -9.24 8.0 6 -1 -1
17297 -9.24 8.0 6 -1 -1
17298 -9.24 8.0 6 -1 -1

Momentum = -9.24, Angle = 8.00, ELREAL
17255 -9.24 8.0 -1 5 -1
17256 -9.24 8.0 -1 5 -1
17257 -9.24 8.0 -1 8 -1
17272 -9.24 8.0 -1 6 -1
17274 -9.24 8.0 -1 7 -1
17275 -9.24 8.0 -1 7 -1
17276 -9.24 8.0 -1 5 -1
17277 -9.24 8.0 -1 5 -1
17282 -9.24 8.0 -1 7 -1
17284 -9.24 8.0 -1 7 -1
17287 -9.24 8.0 -1 5 -1
17290 -9.24 8.0 -1 5 -1
17292 -9.24 8.0 -1 7 -1
17293 -9.24 8.0 -1 7 -1
17294 -9.24 8.0 -1 7 -1
17295 -9.24 8.0 -1 6 -1
17296 -9.24 8.0 -1 5 -1
17299 -9.24 8.0 -1 5 -1

Momentum = -3.57, Angle = 34.46, ELREAL
19204 -3.57 34.46 -1 0 -1
19205 -3.57 34.46 -1 0 -1
19206 -3.57 34.46 -1 0 -1
19207 -3.57 34.46 -1 0 -1

Momentum = -4.78, Angle = 26.41, ELREAL
19066 -4.78 26.41 -1 0 -1
19067 -4.78 26.41 -1 0 -1
19068 -4.78 26.41 -1 0 -1
19069 -4.78 26.41 -1 0 -1

Momentum = -5.36, Angle = 23.61, ELREAL
19026 -5.36 23.61 -1 0 -1
19027 -5.36 23.61 -1 0 -1
19029 -5.36 23.61 -1 0 -1

Momentum = -5.878, Angle = 21.36, ELREAL
19024 -5.878 21.36 -1 0 -1
19025 -5.878 21.36 -1 0 -1

Momentum = -8.8, Angle = 10.00, ELREAL
18381 -8.8 10.0 -1 5 -1
18390 -8.8 10.0 -1 6 -1

Momentum = -8.8, Angle = 10.00, 4/4
18384 -8.8 10.0 -1 -1 5
18385 -8.8 10.0 -1 -1 5
18387 -8.8 10.0 -1 -1 5
18388 -8.8 10.0 -1 -1 5
18391 -8.8 10.0 -1 -1 5
18392 -8.8 10.0 -1 -1 5
18394 -8.8 10.0 -1 -1 4
