17257 C12 8.00 -1 129 -1 8 56.591 0.9899 0.993807 0.872305 286.478 0.98043
17268 LD2 8.00 129 -1 8 -1 24.308 0.9806 0.991360 0.850844 294.780 0.84182
17269 C12 8.00 129 -1 8 -1 26.818 0.9935 0.994607 0.880175 111.650 0.93257
17270 C12 8.00 65 -1 7 -1 26.920 0.9937 0.994533 0.879396 112.127 0.93952
17272 C12 8.00 -1 33 -1 6 26.028    44.574 0.89575
17276 C12 8.00 -1 17 -1 5 29.604 0.9799 0.900673 0.012111 49.822 0.99382
17277 C12 8.00 -1 17 -1 5 29.268 0.9907 0.914749 0.200313 48.823 0.98636
17279 C12 8.00 33 -1 6 -1 25.981 0.9902 0.883509 0.194484 43.562 0.91739
17282 LD2 8.00 -1 65 -1 7 28.027 0.9731 0.893658 0.197525 147.966 0.9515
17284 LD2 8.00 -1 65 -1 7 17.322 0.9360 0.888160 0.004885 87.147 0.60841
17287 C12 8.00 -1 17 -1 5 29.264 0.9791 0.909674 0.012220 47.817 1
17288 C12 8.00 33 -1 6 -1 27.676 0.9806 0.869934 0.015100 45.472 0.95097
17289 C12 8.00 33 -1 6 -1 11.529 0.9906 0.843173 0.297909 14.334 0.40949
17290 C12 8.00 -1 17 -1 5 21.538 0.9908 0.881556 0.320583 26.395 0.74608
17292 LD2 8.00 -1 65 -1 7 23.969 0.9737 0.855970 0.302002 96.712 0.81817
17293 LD2 8.00 -1 65 -1 7 25.081 0.9348 0.806756 0.007427 97.067 0.85492
17294 LD2 8.00 -1 65 -1 7 18.742 0.9388 0.886752 0.005058 96.944 0.67283
17295 LD2 8.00 -1 33 -1 6 29.675 0.9697 0.810942 0.308678 96.294 0.98798
17296 C12 8.00 -1 17 -1 5 25.603 0.9898 0.847688 0.345050 24.795 0.89253
17297 C12 8.00 33 -1 6 -1 13.900 0.9895 0.796317 0.297700 13.686 0.53835
17298 C12 8.00 33 -1 6 -1 28.383 0.9780 0.790090 0.023126 33.863 0.96593
17299 C12 8.00 -1 17 -1 5 26.440 0.9799 0.844363 0.020383 31.293 0.91765
17300 C12 8.50 65 -1 7 -1 21.187 0.9951 0.994352 0.876678 57.704 0.78303
17301 C12 8.50 -1 33 -1 6 26.644 0.9957 0.996038 0.895112 72.001 0.92632
17302 C12 8.50 -1 17 -1 5 24.642 0.9932 0.948041 0.285332 29.526 0.87696
17303 C12 8.50 33 -1 6 -1 27.947 0.9926 0.917678 0.269683 33.730 0.95218
17304 C12 8.50 17 -1 5 -1 25.575 0.9887 0.838408 0.142455 21.405 0.88776
17305 C12 8.50 -1 9 -1 4 29.779 0.9893 0.894757 0.151597 24.794 1
17306 C12 8.50 -1 9 -1 4 16.313 0.9898 0.786141 0.268975 9.879 0.56982
17307 C12 8.50 17 -1 5 -1 21.518 0.9900 0.711415 0.217795 13.172 0.7604
17308 LD2 8.50 -1 33 -1 6 29.965 0.9732 0.759154 0.242982 60.448 1
17309 LD2 8.50 -1 33 -1 6 23.490 0.9729 0.865656 0.148725 62.950 0.82475
17310 LD2 8.50 -1 65 -1 7 27.056 0.9819 0.931015 0.283772 101.806 0.91517
17311 LD2 8.50 -1 65 -1 7 28.173 0.9882 0.994269 0.875249 223.829 0.97152
17312 LD2 8.50 -1 129 -1 8 30.104 0.9880 0.993882 0.872182 239.646 1
