17257 C12 8.00 -1 129 -1 8 0.9899 0.993807 0.872305 
17268 LD2 8.00 129 -1 8 -1 0.9806 0.991360 0.850844 
17269 C12 8.00 129 -1 8 -1 0.9935 0.994607 0.880175 
17270 C12 8.00 65 -1 7 -1 0.9937 0.994533 0.879396 
17272 C12 8.00 -1 33 -1 6 0.9906 0.905705 0.198466 
17276 C12 8.00 -1 17 -1 5 0.9799 0.900673 0.012111 
17277 C12 8.00 -1 17 -1 5 0.9907 0.914749 0.200313 
17279 C12 8.00 33 -1 6 -1 0.9902 0.883509 0.194484 
17282 LD2 8.00 -1 65 -1 7 0.9731 0.893658 0.197525 
17284 LD2 8.00 -1 65 -1 7 0.9360 0.888160 0.004885 
17287 C12 8.00 -1 17 -1 5 0.9791 0.909674 0.012220 
17288 C12 8.00 33 -1 6 -1 0.9806 0.869934 0.015100 
17289 C12 8.00 33 -1 6 -1 0.9906 0.843173 0.297909 
17290 C12 8.00 -1 17 -1 5 0.9908 0.881556 0.320583 
17292 LD2 8.00 -1 65 -1 7 0.9737 0.855970 0.302002 
17293 LD2 8.00 -1 65 -1 7 0.9348 0.806756 0.007427 
17294 LD2 8.00 -1 65 -1 7 0.9388 0.886752 0.005058 
17295 LD2 8.00 -1 33 -1 6 0.9697 0.810943 0.308681 
17296 C12 8.00 -1 17 -1 5 0.9898 0.847688 0.345050 
17297 C12 8.00 33 -1 6 -1 0.9895 0.796317 0.297700 
17298 C12 8.00 33 -1 6 -1 0.9780 0.790090 0.023126 
17299 C12 8.00 -1 17 -1 5 0.9799 0.844363 0.020383 
17300 C12 8.50 65 -1 7 -1 0.9951 0.994352 0.876678 
17301 C12 8.50 -1 33 -1 6 0.9957 0.996038 0.895112 
17302 C12 8.50 -1 17 -1 5 0.9932 0.948041 0.285332 
17303 C12 8.50 33 -1 6 -1 0.9926 0.917678 0.269683 
17304 C12 8.50 17 -1 5 -1 0.9887 0.838408 0.142455 
17305 C12 8.50 -1 9 -1 4 0.9893 0.894757 0.151597 
17306 C12 8.50 -1 9 -1 4 0.9898 0.786141 0.268975 
17307 C12 8.50 17 -1 5 -1 0.9900 0.711415 0.217795 
