! 8.55 GeV SHMS optics matrix from Holly Aug 2022
 ---------------------------------------------------------------------
      0.274433006   -0.0482758835    0.0322933684     0.667153399 10000
      -1.39767897    0.0799648492   -0.0312403133    -0.265706749 01000
       3.41129079     0.506094549     0.276584833      14.5254699 11000
     -0.568190311   -0.0633540669   -0.0515645855     -1.95819072 20000
       -2.5105703     -3.01885416     0.386850031     -14.7683128 02000
    -0.0824731127      3.89009164    -0.748978121     -0.67421213 10100
      0.165554556     -1.41939963     0.757624744       1.6860641 01100
     -0.179076902      -40.687639      7.82664961     -0.38616236 10010
       1.99367227      19.1647042     -5.29654788      2.63422556 01010
    0.00382209931     -0.72950644     0.304378826  -0.00128007291 00100
    -0.0565555723      1.28976051     -1.96829739   -0.0894340584 00010
      0.632667456      3.15735293   -0.0401770875      1.82692667 00110
      -1.69169627     -2.05289233    -0.916753249      2.16863555 00020
    -0.0878330987    -0.572912509   0.00171668099     -1.06471281 00200
       2.71607382    -0.114752811    0.0824735185      6.95241266 30000
      -27.1985216     0.474129883    -0.984158105     -71.1762972 21000
       77.1309645      2.74929192      2.16376349      218.345425 12000
       -58.880212      -7.8585668    -0.255673802     -149.452012 03000
       1.00674026     -19.5085625      2.95848499    -0.131920908 20100
      -3.61757137      124.426982      -18.449497      31.2372059 11100
    -0.0128483997     -167.462181      16.6919279     -101.143387 02100
       3.06865726    -0.320872968     0.771490549      10.8913494 10200
      -7.42883939       20.477423     -4.05083888    -0.267031569 01200
       1.22228278     -2.84703796    -0.601210685    -0.170683087 00300
      -2.78952639      208.044248     -29.4554016     -16.8303129 20010
      -5.56132703     -1421.88438      239.491916     -67.3108236 11010
       36.3790048      2308.91461     -364.941136      322.020556 02010
      -21.2877466      -45.759502      1.31843097     -182.352086 10110
       42.5137457      -103.95009      23.9335349      240.872342 01110
       80.3656578      157.605031     -25.9641316      460.460434 10020
      -305.876424       102.47466     -39.9963745      -1535.5001 01020
       26.5942492     -422.452052      39.2115192      3.60570705 00120
      -22.0920051      1401.55104     -154.385298      60.5709952 00030
      -9.81712812      68.1692278     -3.33918933     -5.74748554 00210
      -7.89029728      8.12049888     -2.16407522     -14.2826759 40000
       98.1036729     -87.6306295      22.9661572      186.845598 31000
      -365.744869      456.634855     -112.192882     -800.174844 22000
       300.612864     -1033.25899       228.20587      1214.13639 13000
       322.864442        997.6221     -181.948063     -234.780373 04000
      -3.99812953     -37.2066577      5.33476532      15.1818966 30100
       41.4746854     -105.549631      15.1494134     -283.774899 21100
      -46.5386198      398.510262     -107.867181      1247.01195 12100
       12.8381636      738.864944      11.6257424     -1071.09369 03100
      -28.0676919      9.67523879      2.06868571     -28.4648732 20200
       119.574418      10.3007986      10.1575562      76.3825835 11200
      -129.728507     -460.213601      72.0247117     -33.7632646 02200
      -12.6420136      134.426174     -7.23349076      19.6121472 10300
      -8.47865511     -381.646361       46.991965      -68.174109 01300
       1.65526555      26.1590431     -13.4438781     -12.3156414 00400
      -6.17178422     -81.5835019     -15.1405504      116.743681 30010
        -19.80319      2599.88694     -250.413441     -377.730634 21010
      -291.029125     -5214.98656      826.607511      450.226463 12010
       323.600576     -5944.14503      266.302151     -4506.44417 03010
       87.6446446     -132.617893      25.6600015      383.575703 20110
      -119.137252      1666.04541     -422.134311      402.183396 11110
       92.9468313     -307.588645      218.765297      559.259523 02110
       102.809393     -1446.25467      159.908749     -250.265865 10210
       55.0103584      3839.96224     -644.202063      1218.11896 01210
      -16.9861267      -291.11303      102.311505      129.262735 00310
      -123.411167     -1395.27998      286.011192     -2128.65479 20020
      -825.244223      599.381479     -393.577835     -3113.60264 11020
       -350.44841     -235.861249      7.03049385     -639.860161 02020
      -234.056036      2690.39016     -67.0577519      584.175154 10120
      -437.962559     -3322.44364      451.498979     -3393.68669 01120
       17.5478744       949.65002     -361.048027     -560.255043 00220
      -180.505724        766.8361     -102.897784     -383.167868 10030
      -184.118867     -469.689407      84.0028637     -500.540224 01030
       85.0582815      253.028742      54.6308889      708.682182 00130
       31.1252091      187.083943       -2.179872      249.999843 00040
       8.24461002     -32.1623262       13.844549      -7.2356411 50000
      -80.5335603      287.855624     -90.2710525      60.9384923 41000
       355.553694     -829.524112      206.360907     -165.368284 32000
      -356.508479      406.314219     -80.1894157      126.346427 23000
      -434.076607      753.704807     -170.253188      254.189956 14000
      -265.751162      552.672079     -124.198047      397.459782 05000
      -25.6851474       347.92175     -79.1482181     -83.9714915 40100
       74.3544585     0.636008767      109.664506      1280.47511 31100
      -88.0627397     -875.778833     -34.2703302     -5435.80599 22100
      -299.287508     -1710.49867      458.839942      3917.91024 13100
      -225.018747     -1410.73207      442.650109      4721.51784 04100
       17.5885439     -91.0467263     -52.1861388      160.669472 30200
       20.5672326       13.339342      105.512061     -1470.35849 21200
      -233.993863      448.813362     -192.481506      3803.97338 12200
      -232.129053      1320.18947     -465.390745     -5268.00971 03200
      -40.8483525     -691.146213      106.126557      23.5887834 20300
       202.139315      580.206108      -94.661054     -679.870127 11300
       146.841943      1344.06114      -183.49114      2194.89905 02300
      -142.507615     -75.8027751      102.554804     -71.5784841 10400
       426.410416     -254.293945     -6.18265335      456.689968 01400
     -0.994140906      230.562043     -49.8596971     -9.67856063 00500
       73.1300579     -1767.74393      285.052264      -436.00193 40010
       241.683783      2394.30055     -662.654201      1890.14889 31010
      -21.8618297      21.7738812     -86.7480563      2360.88545 22010
      -32.1136444     -619.191261      63.9700527       1623.2691 13010
      -9.53569822     -486.089923      57.2122006      840.602295 04010
      -190.977401      760.497492      22.8787586     -943.482821 30110
       318.231628     -670.660199      314.887112      4746.99874 21110
       138.729987     -141.868636      72.9553004      609.992834 12110
       29.6709293      117.505638     -18.4476528     -730.839786 03110
      -409.452148       2123.9281     -350.180661      598.998199 20210
      -69.4098916      2459.62379     -442.117116     -859.465574 11210
      -17.4207947      1114.90186      -203.02194     -921.214445 02210
      -102.441574      133.537576     -404.906141      464.747594 10310
       107.979367      832.133984     -309.507801     -2816.79138 01310
      -84.9070772     -1826.61461      660.380053      183.468825 00410
       94.6289395      -259.63168      205.760789      1792.78178 30020
       11.6407665     -178.861082      58.8010576      515.524135 21020
     -0.790387734     -45.2334938      10.0234522     -108.469253 12020
       -4.7222292     -1.57754914     -2.46156388     -215.896274 03020
       -108.05496      1313.80994     -169.825387     -721.124351 20120
      -35.5108544      298.814397     -59.9112904     -817.171968 11120
      -11.9574441       156.91741     -31.8813115     -406.643721 02120
      -88.9882832      475.560711     -228.075938     -614.081888 10220
       27.1597437      344.050463     -105.404985     -269.113197 01220
      -65.3198431     -1190.28972      269.670392     -562.173653 00320
      -25.0637996      172.823563     -40.7882087     -402.195562 20030
      -4.97461157      107.573421      -18.528562     -150.006508 11030
        -2.327129        63.53504     -9.50364621     -55.0578267 02030
      -19.8333742      146.966211     -49.4225989     -16.5448678 10130
       7.26966403      60.4969573      -19.619256     -10.4322299 01130
      -17.9073449     -394.006226      74.6045379     -182.735064 00230
      -4.56898085      39.4197586     -13.2797643      6.33640721 10040
       1.55540163      12.7697961     -4.40765326       2.5860752 01040
      -2.78751579     -105.885755      19.4170212     -33.0662278 00140
     -0.193715388      -26.601763      4.80368846     -5.71215558 00050
       1.30489596      51.5373744     -27.2525726               0 60000
      -119.657581     -366.886333      113.309223               0 51000
       349.145793     -66.9030159      45.0175674               0 42000
       127.963547      246.162796     -40.6128974               0 33000
       10.8295184      240.329361     -49.6142765               0 24000
      -12.4703979      141.385632     -30.7868028               0 15000
      -9.86359679      67.9338688     -15.0263572               0 06000
       90.2966975     -560.649327      148.207291               0 50100
      -321.963829     -679.439654      141.022413               0 41100
      -103.162289     -35.5248414     -118.843509               0 32100
       -45.044685     -63.4371171     -33.0656401               0 23100
      -24.6547204     -82.6086388      13.0690201               0 14100
       -12.774216     -58.6785881      16.8963397               0 05100
       90.0163513     -187.108081       124.44804               0 40200
      -189.801775      2248.27725     -451.698363               0 31200
      -104.236718      918.924943     -158.953424               0 22200
      -33.0935792      403.055732     -78.6448987               0 13200
      -6.68391762      194.728157     -44.8528375               0 04200
         155.4722      1516.40001      -489.78435               0 30300
       255.091329     -450.054032      23.6637222               0 21300
       119.591508    -0.710406525     -31.5960828               0 12300
        45.133397      55.3102472      -19.098705               0 03300
       245.510177      274.026914     -344.725279               0 20400
      -288.401807     -1138.65735      192.952531               0 11400
       -145.00106     -599.430373       111.62233               0 02400
      -372.723163     -1339.48778      471.020073               0 10500
          178.787      787.478197     -125.482973               0 01500
      -289.731358     -81.2417989      257.094121               0 00600
      -167.353396      2925.02088     -441.329813               0 50010
      -15.8025043      1229.86731     -271.604183               0 41010
      -18.2090608      247.624352     -67.0430049               0 32010
       -6.1626161      8.98571048     -13.1541021               0 23010
      -1.00597908     -24.3981523     -1.63194341               0 14010
      0.537572297     -20.2099897     0.128296985               0 05010
       -92.991808     -597.893832      57.3222465               0 40110
        15.579904     -94.7138006      31.9177718               0 31110
       12.9582937      24.8632946      5.31376189               0 22110
       7.37265028      26.0161793   0.00368412925               0 13110
        3.8978925      12.5506506     -0.11366077               0 04110
     -0.240443564      709.275719     -120.972952               0 30210
       11.8419948      301.577454     -62.6138415               0 21210
       5.77093717      85.9730521     -21.2874594               0 12210
       3.55008085      33.4076719     -10.5034523               0 03210
       77.5692454     -1233.89422       170.76834               0 20310
      -23.8378116     -365.562078      54.1798374               0 11310
      -14.5258001     -95.6458115      15.5288095               0 02310
      -36.3360841      632.689977     -38.9551865               0 10410
       10.9543005      36.3305967      16.8594284               0 01410
      -25.9618389     -422.046196      66.1509625               0 00510
       21.2924172     -229.103189      54.7978722               0 40020
      -6.07076042     -29.8134083      4.03491292               0 31020
      -3.02316892      2.26217862    -0.737150239               0 22020
     -0.833463337      2.26688731    -0.320320833               0 13020
     -0.133017637     0.391949157    0.0754220798               0 04020
       8.76657132      212.687832     -31.1849585               0 30120
       1.49963588     -3.04899169     -1.02651378               0 21120
      0.680773229     -8.59327116     0.268690219               0 12120
      0.464563561     -1.59426382    -0.690787708               0 03120
       7.31830465     -221.048243      36.3639214               0 20220
      -5.54773489      -48.677787       7.7727633               0 11220
      -3.02358334     -12.2745828      2.13852461               0 02220
     -0.497504687      59.5431008     -3.34738025               0 10320
     0.0838997741     -38.1714913      9.61542289               0 01320
      -4.54654473     -70.1520418      27.0193844               0 00420
       2.30434004     -7.20981444     -1.77485779               0 30030
      0.834494958     -5.42658021     0.634596715               0 21030
       0.27177521     -2.13528341     0.298772228               0 12030
      0.122799138    -0.638177656   -0.0443062661               0 03030
       1.62365524     -36.8841253      8.42232947               0 20130
      -1.21296091     -9.12136007      1.82330638               0 11130
     -0.658765642      -2.6388716     0.533027576               0 02130
       0.55066009      3.81208501    -0.407523131               0 10230
     -0.147162464     -10.2758226      2.22697535               0 01230
     -0.149890971     -18.2572683      8.55463797               0 00330
      0.359467277     -6.72690659      1.65410199               0 20040
      -0.35551473     -1.57186469     0.316803743               0 11040
     -0.187089619     -0.47905013     0.102216336               0 02040
     0.0950207979      2.07864605    -0.225782346               0 10140
     -0.152870972     -2.77115858     0.540303916               0 01140
     0.0958374513     -4.69791249      2.07505251               0 00240
    -0.0397348424      0.89179999     -0.12245481               0 10050
    -0.0790679719    -0.568841924     0.111754144               0 01050
     0.0612459526     -1.05637741     0.488978022               0 00150
     0.0238383614    -0.179188307     0.102606311               0 00060
      0.292838822   -0.0779452895     0.044292394     0.845582884 00001
      -1.40937257     0.301926272    -0.187978798     -2.47726545 10001
       3.33484635    -0.862548002     0.574689547      10.5041925 01001
      0.013045016      4.51258325    -0.861523847    0.0259132153 00101
    -0.0618394303     -47.7437684      8.94535901    -0.107744042 00011
      -1.06632062      0.16674145    -0.107916202      -1.3022916 00002
 ---------------------------------------------
