!The ME, re-optimized to exclude 4 GeV runs, includes run 6620
! -8.093640059e-04 -4.796503112e-04  7.833460133e-04  0.000000000e+00  00000
 ---------------------------------------------------------------------
  2.773909307e-01 -5.227624519e-02  3.361287500e-02  6.671533990e-01  10000
 -1.408758385e+00  8.945881400e-02 -3.358497180e-02 -2.657067490e-01  01000
  1.021502672e-02 -7.810829752e-01  3.286485087e-01 -1.280072910e-03  00100
 -8.585053002e-02  1.588583025e+00 -2.096608135e+00 -8.943405840e-02  00010
 -6.055436409e-01  3.038608045e-02 -6.469234646e-02 -1.958190720e+00  20000
  3.609977790e+00  1.913298088e-02  2.228435554e-01  1.452546990e+01  11000
 -2.814025663e+00 -1.504876198e+00  2.506568155e-01 -1.476831280e+01  02000
 -1.044722168e-02  3.976221057e+00 -9.016538699e-01 -6.742121300e-01  10100
  4.713877087e-02 -1.166733632e+00  8.038276165e-01  1.686064100e+00  01100
  6.602122004e-02 -4.947713451e-02 -7.722772317e-03 -1.064712810e+00  00200
 -2.340603468e-01 -4.179065794e+01  8.621527136e+00 -3.861623600e-01  10010
  1.503187549e+00  1.731899292e+01 -6.248160127e+00  2.634225560e+00  01010
  1.284240275e-01  1.725035774e+00 -4.172975483e-01  1.826926670e+00  00110
 -6.609873958e-01  1.189549590e+00 -5.654144273e-01  2.168635550e+00  00020
  2.369479562e+00 -5.265616351e-01  2.409416483e-01  6.952412660e+00  30000
 -1.913015418e+01  2.165893960e+00 -1.294788911e+00 -7.117629720e+01  21000
  3.526071390e+01 -3.319194991e+00  6.804107020e-01  2.183454250e+02  12000
  5.660495676e+00 -8.814319232e+00  9.020738002e+00 -1.494520120e+02  03000
 -1.217237532e+00 -2.279114037e+01  2.877107851e+00 -1.319209080e-01  20100
  1.081525986e+01  1.492757086e+02 -1.630467851e+01  3.123720590e+01  11100
 -2.356668172e+01 -1.889607505e+02  2.620675600e+00 -1.011433870e+02  02100
  4.464498692e-01 -2.596481713e-01 -1.012263321e+00  1.089134940e+01  10200
 -3.203760805e+00  7.378575825e+00 -3.685622355e-01 -2.670315690e-01  01200
 -7.226441146e-01  7.638086703e+00 -2.999504238e+00 -1.706830870e-01  00300
  4.087636752e+00  2.315847209e+02 -3.822933454e+01 -1.683031290e+01  20010
 -4.052265149e+01 -1.531932222e+03  2.380547251e+02 -6.731082360e+01  11010
  9.517652783e+01  2.147976009e+03 -2.225251929e+02  3.220205560e+02  02010
 -6.952413406e+00 -2.951476553e+00  1.488999090e+01 -1.823520860e+02  10110
  5.594672379e+01 -5.664986142e+01 -1.628116231e+01  2.408723420e+02  01110
  9.565415716e+00 -4.788043553e+01  2.379193519e+01 -5.747485540e+00  00210
  5.877676102e+01  6.736328452e+01 -6.056824272e+01  4.604604340e+02  10020
 -3.639556053e+02  1.587564852e+02  5.649366300e+01 -1.535500100e+03  01020
 -4.886980318e+01 -7.071486923e+00 -9.989604892e+01  3.605707050e+00  00120
  7.977819280e+01  8.219367606e+02  1.934013565e+02  6.057099520e+01  00030
 -9.477863545e+00  7.582150047e+00 -4.478406505e+00 -1.428267590e+01  40000
  7.225750649e+01 -7.134547594e+01  4.960420197e+01  1.868455980e+02  31000
  1.245653170e+01  2.116808975e+02 -1.861170114e+02 -8.001748440e+02  22000
 -9.952903980e+02 -5.692207361e+01  2.527054557e+02  1.214136390e+03  13000
  1.646389931e+03 -3.128862492e+02 -8.439823286e+01 -2.347803730e+02  04000
  1.601964709e+00  2.494231512e+01  1.804685428e+00  1.518189660e+01  30100
 -2.843658059e+01 -2.295771715e+02 -7.773815620e+00 -2.837748990e+02  21100
  6.340537343e+01  4.718924339e+01  8.168493961e+01  1.247011950e+03  12100
  3.953699414e+01  9.406625727e+02  3.745594796e+01 -1.071093690e+03  03100
 -7.048134474e+00  8.667126474e+00  6.334451426e+00 -2.846487320e+01  20200
  5.253849585e+01 -1.135054498e+02  2.682875105e+01  7.638258350e+01  11200
 -1.013920409e+02 -3.002128253e+01 -3.235200673e+01 -3.376326460e+01  02200
  1.074379820e+01 -2.290100658e+01  1.238787461e+01  1.961214720e+01  10300
 -1.888253973e+01 -2.570034645e+02  2.771580444e+01 -6.817410900e+01  01300
 -5.413469033e+00  1.462695860e+01 -9.320027749e+00 -1.231564140e+01  00400
 -2.449091873e+01 -4.821969712e+02  2.930014042e+01  1.167436810e+02  30010
  3.458715120e+02  4.191328664e+03 -2.547870666e+02 -3.777306340e+02  21010
 -8.832288908e+02 -5.032569518e+03 -2.130164535e+02  4.502264630e+02  12010
  9.131779367e+01 -7.728455878e+03  6.211265521e+02 -4.506444170e+03  03010
  2.036239260e+01  4.168181539e+01 -1.377382528e+02  3.835757030e+02  20110
 -9.733730190e+01  8.575588696e+02  1.774693412e+01  4.021833960e+02  11110
  8.455470952e+01 -1.131014887e+03  4.690921914e+02  5.592595230e+02  02110
 -8.941791748e+01  7.070911273e+02 -2.524328227e+02 -2.502658650e+02  10210
  7.010394778e+01  1.913944553e+03 -2.600800239e+01  1.218118960e+03  01210
  4.224218366e+01 -2.355456806e+02  1.097610240e+02  1.292627350e+02  00310
 -9.467243504e+01 -9.439706601e+02  6.492946674e+02 -2.128654790e+03  20020
  4.628475082e+02  2.494657887e+03 -1.635308590e+03 -3.113602640e+03  11020
  2.962151050e+01 -3.751373920e+02 -2.424473141e+02 -6.398601610e+02  02020
  3.653848852e+02 -3.493133262e+03  7.298771620e+02  5.841751540e+02  10120
 -6.853180392e+01 -3.809469198e+03 -5.142072348e+01 -3.393686690e+03  01120
 -1.337002868e+02  1.934793803e+03 -6.269318718e+02 -5.602550430e+02  00220
 -8.913699926e+02  7.877252720e+03 -1.595164890e+02 -3.831678680e+02  10030
 -2.718811780e+02  1.926137491e+03 -2.976694877e+02 -5.005402240e+02  01030
 -2.580841221e+02 -5.159967131e+03  1.380859228e+03  7.086821820e+02  00130
 -5.931431285e+01 -1.796048793e+03  4.672889330e+02  2.499998430e+02  00040
  3.576010788e+01 -4.160101963e+01  2.066100901e+01 -7.235641100e+00  50000
 -4.296536723e+02  4.278300638e+02 -2.272898180e+02  6.093849230e+01  41000
  1.525384104e+03 -1.157079243e+03  7.042291416e+02 -1.653682840e+02  32000
 -1.123587186e+03  2.536547210e+02 -3.570891303e+02  1.263464270e+02  23000
 -1.274595448e+03  1.120173376e+03 -6.547700184e+02  2.541899560e+02  14000
 -6.381029193e+02  8.966777389e+02 -4.388748883e+02  3.974597820e+02  05000
  3.033360757e+01  8.391151032e+01 -1.055278311e+01 -8.397149150e+01  40100
 -2.268308457e+02 -4.683340368e+02 -4.402799684e+01  1.280475110e+03  31100
  5.298741721e+02  4.845925190e+02  7.533257632e+02 -5.435805990e+03  22100
 -2.671175308e+02 -4.573782952e+02 -9.595901939e+02  3.917910240e+03  13100
 -4.150461051e+02 -1.097291787e+03 -9.745013291e+02  4.721517840e+03  04100
  2.940584193e+01 -2.967200418e+01 -3.589563186e+00  1.606694720e+02  30200
 -3.249231634e+02  6.565084217e+02 -1.358900495e+02 -1.470358490e+03  21200
  9.950788335e+02 -2.035212022e+03  7.222663303e+02  3.803973380e+03  12200
 -8.222271071e+02  3.657115039e+03 -1.437384726e+03 -5.268009710e+03  03200
 -2.623354415e+01  1.109299406e+02  1.321949449e+01  2.358878340e+01  20300
  2.023516317e+01  1.642332063e+02 -2.654644663e+02 -6.798701270e+02  11300
  1.409634065e+02  1.824279949e+03 -2.951785282e+02  2.194899050e+03  02300
  2.428271427e+01 -8.738601500e+01  4.651678660e+01 -7.157848410e+01  10400
  1.560563789e+01 -9.421623645e+01 -1.471542716e+02  4.566899680e+02  01400
 -4.165908271e+00 -6.805596037e+01  8.365232559e+00 -9.678560630e+00  00500
 -5.841396122e+01 -1.655572703e+02 -8.559691310e-01 -4.360019300e+02  40010
  1.206303455e+02 -8.933915687e+01  1.890791844e+02  1.890148890e+03  31010
  4.771582793e+02  4.125590302e+03 -9.899314105e+02  2.360885450e+03  22010
  2.792787632e+02  2.454996758e+03 -8.087777349e+02  1.623269100e+03  13010
  1.163240672e+02  8.728814905e+02 -4.019266812e+02  8.406022950e+02  04010
 -5.323253975e+01 -2.556589269e+02  1.657729595e+02 -9.434828210e+02  30110
  1.033451928e+01 -2.727963372e+03  5.825646603e+02  4.746998740e+03  21110
  6.884956689e+01 -7.871017780e+01 -1.225453010e+02  6.099928340e+02  12110
 -8.170451243e+01  7.549819998e+02 -3.338534802e+02 -7.308397860e+02  03110
  1.885165336e+02 -3.011857637e+03  6.078812165e+02  5.989981990e+02  20210
 -6.761241232e+02 -4.805163204e+03  2.121095455e+03 -8.594655740e+02  11210
 -3.495831162e+02 -3.179191906e+03  1.365383572e+03 -9.212144450e+02  02210
 -3.362723975e+02  1.377617971e+03 -4.852026169e+02  4.647475940e+02  10310
  2.497686751e+02  7.726760932e+01  1.124149612e+03 -2.816791380e+03  01310
  1.923846028e+02  1.192503254e+03 -2.522456824e+02  1.834688250e+02  00410
  5.847591884e+02  2.390186981e+03 -9.026166065e+02  1.792781780e+03  30020
  1.997279263e+02  7.580413675e+02 -4.185076896e+02  5.155241350e+02  21020
  4.872753051e+01  3.573597840e+02 -1.889211738e+02 -1.084692530e+02  12020
 -5.699678921e+00  1.893793800e+02 -9.506685145e+01 -2.158962740e+02  03020
  3.952542199e+02  1.806328222e+04 -4.823428364e+03 -7.211243510e+02  20120
 -1.026259847e+02  1.680329951e+03 -3.089031464e+02 -8.171719680e+02  11120
 -6.449241462e+01 -2.413712283e+02  1.629080267e+02 -4.066437210e+02  02120
  2.133747213e+01 -3.837415470e+03  5.771868918e+02 -6.140818880e+02  10220
  1.725590724e+02 -7.703567839e+02  4.398834798e+02 -2.691131970e+02  01220
 -1.065487851e+03 -5.338344276e+03  1.588696538e+03 -5.621736530e+02  00320
  8.949142006e-01  6.849610804e+03 -1.656666094e+03 -4.021955620e+02  20030
 -3.231752932e+01  9.723834551e+02 -1.998963742e+02 -1.500065080e+02  11030
 -1.509780142e+01  9.723174027e+01  8.631733576e-01 -5.505782670e+01  02030
  1.869623624e+01 -2.037310212e+03  3.738454491e+02 -1.654486780e+01  10130
  4.058256740e+01 -4.493903181e+02  1.553762786e+02 -1.043222990e+01  01130
 -3.055679506e+02 -5.102152355e+02  2.004327186e+02 -1.827350640e+02  00230
  5.721024292e+00 -5.120586098e+02  9.559986836e+01  6.336407210e+00  10040
  7.810936326e+00 -1.160255511e+02  3.670804527e+01  2.586075200e+00  01040
 -6.528080556e+01 -2.527561555e+01  1.731151338e+01 -3.306622780e+01  00140
 -1.233223766e+01 -8.668597953e+00  2.776831430e+00 -5.712155580e+00  00050
 -9.226721386e+00  4.743655539e+01 -1.792912569e+01  0.000000000e+00  60000
  1.007268371e+02 -4.207308296e+02  1.527634014e+02  0.000000000e+00  51000
 -1.738660261e+02  6.500607364e+02 -2.409709639e+02  0.000000000e+00  42000
 -3.563822226e+02  3.506267949e+02 -7.001444103e+01  0.000000000e+00  33000
 -2.349358620e+02  2.261237533e+02 -2.393052483e+01  0.000000000e+00  24000
 -1.077356400e+02  1.484082694e+02 -2.000024279e+01  0.000000000e+00  15000
 -3.654919001e+01  8.050087420e+01 -1.511878084e+01  0.000000000e+00  06000
 -6.029152714e+01 -1.469303836e+02  3.650441882e+01  0.000000000e+00  50100
  4.493954116e+02  1.077659813e+03 -2.386469833e+02  0.000000000e+00  41100
 -6.201223399e+02 -5.349253398e+02 -1.848786041e+02  0.000000000e+00  32100
 -4.811099312e+02 -9.368649451e+02 -9.732391934e+01  0.000000000e+00  23100
 -2.238689318e+02 -6.647603126e+02 -3.327207042e+01  0.000000000e+00  14100
 -8.679692299e+01 -3.492646636e+02 -9.994944172e+00  0.000000000e+00  05100
  1.638289437e+01 -5.301241711e+01  4.322070972e+01  0.000000000e+00  40200
 -1.933537807e+02 -8.468324015e+01 -2.916926815e+02  0.000000000e+00  31200
  4.749255994e+02  7.319434864e+02  2.032471257e+02  0.000000000e+00  22200
  2.864770034e+02  8.735230460e+02  1.483228003e+02  0.000000000e+00  13200
  1.050661299e+02  6.363077837e+02  2.731626388e+01  0.000000000e+00  04200
  1.072624108e+00  1.517571213e+02 -5.893425340e+01  0.000000000e+00  30300
 -1.364028096e+01 -1.834027592e+03  7.299778890e+02  0.000000000e+00  21300
 -4.904310945e+00  1.922384479e+03 -8.667639035e+02  0.000000000e+00  12300
  1.093845311e+02  1.138304678e+03 -5.035650543e+02  0.000000000e+00  03300
  5.041803107e+00  2.089419778e+02 -3.894052932e+01  0.000000000e+00  20400
 -7.282873758e+00 -1.847170347e+02 -2.713883481e+02  0.000000000e+00  11400
 -1.232158954e+02  1.783826468e+03  2.026051836e+02  0.000000000e+00  02400
  2.013810333e+01  1.440844948e+02 -6.070557019e+01  0.000000000e+00  10500
  6.187658809e+01  5.849467133e+01 -1.197893816e+02  0.000000000e+00  01500
  2.156072508e+01 -3.551186046e+01  2.105999580e+01  0.000000000e+00  00600
  1.339614344e+02  2.765363768e+02 -1.405423779e+02  0.000000000e+00  50010
 -6.097200734e+02 -3.249905110e+03  1.593007103e+03  0.000000000e+00  41010
 -3.428589561e+02 -7.882584204e+02  4.493141412e+02  0.000000000e+00  32010
 -1.249813039e+02 -1.257335398e+02  8.125294105e+01  0.000000000e+00  23010
 -3.645297088e+01 -2.325812639e+01  8.106674801e+00  0.000000000e+00  14010
 -8.190044449e+00 -1.487530183e+01 -9.412704834e-01  0.000000000e+00  05010
 -4.840540282e+01  1.171071870e+03 -2.053475488e+02  0.000000000e+00  40110
 -8.755435173e+00 -3.162333044e+03  8.119674388e+02  0.000000000e+00  31110
  2.465239482e+01 -1.240918419e+03  3.584654039e+02  0.000000000e+00  22110
  2.938189840e+01 -3.437790609e+02  1.304062530e+02  0.000000000e+00  13110
  1.875698383e+01 -7.233195408e+01  4.278238494e+01  0.000000000e+00  04110
 -3.883241467e+01  7.463497777e+02 -2.722180127e+02  0.000000000e+00  30210
 -1.140367575e+02  2.612289893e+03 -5.279972820e+02  0.000000000e+00  21210
 -5.874936650e+01  1.310151912e+03 -3.179546332e+02  0.000000000e+00  12210
 -1.167934821e+01  4.410088536e+02 -1.068098573e+02  0.000000000e+00  03210
  3.416544004e+01 -1.755551176e+03  6.346299562e+02  0.000000000e+00  20310
 -1.346794770e+02 -1.516385455e+03  2.756700524e+02  0.000000000e+00  11310
 -6.944436153e+01 -3.668015864e+02  1.152727340e+02  0.000000000e+00  02310
 -3.140329851e+02 -1.772076165e+03  7.990661585e+02  0.000000000e+00  10410
 -3.598846912e+01  2.375412422e+03 -5.413114963e+02  0.000000000e+00  01410
 -1.488102788e+02  1.221487771e+02 -9.271391939e+01  0.000000000e+00  00510
  4.064399884e+01 -5.218831428e+02  1.544591714e+02  0.000000000e+00  40020
  1.848713476e+01 -5.839945063e+02  1.393754581e+02  0.000000000e+00  31020
  5.884050504e+00 -2.399725862e+02  6.215921567e+01  0.000000000e+00  22020
  4.333345677e+00 -7.916471632e+01  2.401788639e+01  0.000000000e+00  13020
  2.755660391e+00 -2.355878310e+01  8.561716922e+00  0.000000000e+00  04020
  5.290640013e+01 -3.630603723e+02  1.924149926e+01  0.000000000e+00  30120
 -1.105708870e+00  3.246358306e+02 -8.544730357e+01  0.000000000e+00  21120
 -5.158810178e+00  2.004149810e+02 -5.410466334e+01  0.000000000e+00  12120
 -1.499541920e+00  7.245862412e+01 -1.865574432e+01  0.000000000e+00  03120
 -1.273872961e+01 -8.541613120e+02  3.013576694e+02  0.000000000e+00  20220
 -2.971155249e+01 -3.162831310e+02  5.724979665e+01  0.000000000e+00  11220
 -1.393924769e+01 -9.835696748e+01  2.065357972e+01  0.000000000e+00  02220
 -1.441340087e+02 -2.431635107e+03  6.961771409e+02  0.000000000e+00  10320
 -2.569784608e+01  5.072223672e+01 -1.684991762e+01  0.000000000e+00  01320
  1.057317240e+02  1.213777183e+03 -3.406818645e+02  0.000000000e+00  00420
 -1.095904415e+01 -6.748184849e+02  1.798084333e+02  0.000000000e+00  30030
 -2.198333260e+00 -7.382804397e+01  2.063074433e+01  0.000000000e+00  21030
 -1.216151934e+00  9.405585670e+00 -2.356922434e+00  0.000000000e+00  12030
 -4.213191684e-01  8.303999021e+00 -2.017319030e+00  0.000000000e+00  03030
 -5.895866163e+00 -1.702668346e+02  7.226686996e+01  0.000000000e+00  20130
 -6.869281239e+00 -4.796864076e+01  9.611585477e+00  0.000000000e+00  11130
 -3.070601773e+00 -1.848187527e+01  3.557006438e+00  0.000000000e+00  02130
 -1.928824192e+01 -7.343027399e+02  1.976345949e+02  0.000000000e+00  10230
 -3.031905280e+00 -5.428285465e+01  1.035449323e+01  0.000000000e+00  01230
  2.917670226e+01  3.769699532e+02 -9.324263232e+01  0.000000000e+00  00330
 -1.420489132e+00 -1.046566170e+01  1.020417927e+01  0.000000000e+00  20040
 -1.318961194e+00 -2.778908323e+00  4.649035556e-01  0.000000000e+00  11040
 -6.066725483e-01 -2.429859964e+00  3.706794014e-01  0.000000000e+00  02040
 -8.259935074e-01 -1.789837221e+02  4.631261709e+01  0.000000000e+00  10140
 -3.283786750e-03 -2.133648014e+01  4.257694297e+00  0.000000000e+00  01140
  5.447398174e+00  9.531014721e+01 -2.150624941e+01  0.000000000e+00  00240
  1.059830562e-01 -3.571694583e+01  9.464217629e+00  0.000000000e+00  10050
  2.893310210e-02 -4.795584861e+00  1.040524891e+00  0.000000000e+00  01050
  8.577066393e-01  2.005520379e+01 -4.229767719e+00  0.000000000e+00  00150
  1.276221450e-01  3.639989388e+00 -7.278685308e-01  0.000000000e+00  00060
  2.928388220e-01 -7.794528950e-02  4.429239400e-02  8.455828840e-01  00001
 -1.409372570e+00  3.019262720e-01 -1.879787980e-01 -2.477265450e+00  10001
  3.334846350e+00 -8.625480020e-01  5.746895470e-01  1.050419250e+01  01001
  1.304501600e-02  4.512583250e+00 -8.615238470e-01  2.591321530e-02  00101
 -6.183943030e-02 -4.774376840e+01  8.945359010e+00 -1.077440420e-01  00011
 -1.066320620e+00  1.667414500e-01 -1.079162020e-01 -1.302291600e+00  00002
 ---------------------------------------------------------------------
