-15. 27.	Delta range, %
0.5 1.5	        Beta range
2.  	        Heavy Gas Cherenkov, threshold on signals in p.e.
2.  	        Noble Gas Cherenkov, threshold on signals in p.e.
5.	        Minimum number of hits per channel required to be calibrated
0. 3.	        Range of uncalibrated energy deposition histogram
500	        Binning of uncalibrated energy deposition histogram
-0.2 0.2	Gaussian fit range around max min in the uncalibrated Edep histogram (units E/p) (red line)
2.5	        Events in include in calibration.  +/- Sigma range around fitted mean (green fill)

; Calibration constants for file shms_defocused.root (SHMS 9643, 9644, 9645, 9646, 9648, 9649, 9650, 9652 and 9654) 306065 events processed

pcal_neg_gain_cor = 23.98, 26.50, 27.96, 17.52, 22.82, 16.46, 22.16, 29.95, 30.88, 43.38, 21.45, 22.89, 21.67, 55.90,
pcal_pos_gain_cor = 11.72, 53.90, 23.71, 24.34, 28.44, 30.40, 23.79, 26.81, 28.26, 18.71, 26.45, 29.51, 22.84,  0.00,
pcal_arr_gain_cor =  0.00,  0.00,  0.00,  8.94, 26.83, 22.93, 56.80, 38.60, 28.83, 62.52, 44.36,  0.00,  0.00,  0.00,  0.00,  0.00,
                     0.00, 27.21, 29.68, 35.31, 27.88, 36.87, 33.00, 30.82, 35.13, 30.02, 34.52, 26.17,  0.00,  0.00,  0.00,  0.00,
                     0.00, 45.97, 27.32, 37.10, 29.30, 31.68, 28.79, 31.26, 30.81, 26.81, 30.30, 33.84, 27.26,  0.00,  0.00,  0.00,
                     0.00, 37.45, 27.89, 37.59, 25.33, 27.25, 34.88, 29.72, 32.25, 29.53, 31.04, 26.59, 25.45, 37.25, 18.66,  0.00,
                     0.00, 39.42, 32.60, 29.71, 30.02, 30.66, 27.36, 31.91, 31.44, 27.97, 29.05, 32.15, 31.40, 39.06, 39.77,  0.00,
                     0.00, 40.89, 28.40, 30.11, 31.55, 33.34, 26.43, 28.06, 32.35, 28.88, 32.93, 33.22, 36.02, 25.97, 33.14,  0.00,
                     0.00, 33.96, 28.59, 29.46, 29.55, 34.78, 30.58, 39.43, 41.19, 40.14, 35.08, 34.17, 28.21, 28.97, 28.91,  0.00,
                     18.83, 29.93, 28.87, 28.48, 27.35, 29.80, 32.57, 35.65, 43.36, 44.82, 49.44, 30.55, 33.73, 32.49, 37.63,  8.54,
                     24.72, 29.79, 28.03, 28.83, 30.09, 30.23, 30.97, 32.67, 31.17, 34.81, 27.39, 30.92, 32.68, 32.03, 36.40,  0.00,
                     18.14, 26.43, 28.73, 29.75, 27.81, 28.17, 28.83, 32.40, 30.13, 34.18, 31.61, 33.15, 32.58, 32.02, 29.99,  0.00,
                     9.24, 25.62, 26.91, 24.97, 26.43, 31.29, 30.08, 27.68, 31.54, 33.71, 31.36, 32.03, 29.98, 33.83, 34.00,  0.00,
                     0.00, 26.08, 23.04, 26.06, 29.22, 30.54, 28.60, 27.62, 26.95, 27.16, 27.36, 30.72, 28.00, 20.02,  0.00,  0.00,
                     0.00, 31.38, 26.62, 32.41, 57.55, 28.71, 23.28, 26.16, 27.63, 22.19, 22.46, 36.94,  0.00,  0.00,  0.00,  0.00,
                     0.00,  0.00,  0.00,  0.00, 42.28,  5.81, 45.36, 25.30, 21.53, 46.54, 16.55,  0.00,  0.00,  0.00,  0.00,  0.00,

